Le nombre de site (360 min)
51
Les sites 
siteId score temps
0 0 0
1 64 7
2 44 5
3 80 6
4 70 10
5 90 15
6 135 18
7 74 12
8 54 9
9 80 16
10 113 13
11 135 19
12 63 8
13 46 8
14 95 18
15 55 11
16 126 20
17 98 15
18 128 17
19 47 8
20 101 20
21 140 20
22 96 15
23 128 16
24 122 20
25 87 15
26 116 19
27 69 7
28 49 8
29 45 6
30 127 19
31 128 18
32 89 8
33 145 20
34 95 14
35 118 16
36 82 14
37 83 11
38 48 5
39 135 20
40 136 18
41 66 9
42 73 6
43 80 14
44 59 9
45 75 14
46 123 16
47 57 7
48 125 20
49 93 18
50 71 8
 La matrice de temps 
0 20 20 21 21 9 13 13 26 3 11 19 18 25 15 4 14 10 21 10 24 5 10 18 17 21 22 5 8 25 20 14 8 16 10 15 14 21 17 26 9 25 17 4 5 26 6 21 25 7 20 
26 0 3 20 26 14 20 2 15 17 21 22 26 26 14 20 22 16 7 19 26 21 25 4 13 6 24 26 9 7 23 21 14 17 6 14 7 24 23 7 17 22 17 21 17 8 8 23 4 26 9 
9 12 0 7 13 2 4 18 11 17 19 7 21 8 15 16 3 21 18 21 15 17 25 26 6 13 13 21 2 20 11 4 12 25 6 22 8 26 19 4 21 11 21 17 2 4 5 20 6 2 5 
26 20 24 0 17 11 2 7 26 13 8 15 21 23 22 4 11 16 8 11 14 23 21 25 15 4 9 2 7 13 26 17 10 20 26 26 12 8 11 4 23 16 25 15 23 22 3 23 15 17 18 
15 11 19 11 0 25 21 2 11 22 22 12 23 20 13 21 20 16 24 3 12 2 19 18 6 5 11 2 9 22 7 18 2 25 4 24 25 2 23 8 25 4 8 8 11 18 8 6 10 6 15 
2 20 19 4 7 0 9 20 5 26 5 6 10 9 6 16 4 19 17 13 22 9 4 22 13 5 7 19 3 14 2 24 5 17 24 15 7 21 4 4 19 16 9 23 13 16 18 14 19 18 8 
7 12 12 20 2 15 0 2 3 25 3 6 7 7 7 9 25 11 12 15 6 9 7 9 21 19 13 15 8 20 8 15 10 20 25 22 4 13 15 6 7 6 26 21 16 25 12 22 12 25 7 
3 18 23 22 6 11 23 0 22 10 17 19 24 7 22 21 3 18 19 10 15 24 19 24 14 19 9 21 10 12 23 15 26 16 13 24 4 2 2 7 5 6 19 12 20 18 10 22 9 22 26 
22 12 8 17 22 20 25 10 0 14 26 20 4 20 6 8 20 16 2 19 6 4 10 25 11 17 16 25 15 5 21 11 23 6 7 23 5 4 24 9 13 19 22 4 15 17 11 12 23 11 26 
8 9 4 11 17 17 26 17 6 0 24 20 6 24 18 14 15 14 15 11 21 24 16 4 13 7 9 12 10 23 5 13 7 11 4 17 2 11 9 3 25 16 23 26 6 3 15 6 2 24 21 
10 14 17 6 18 22 14 5 4 9 0 19 11 25 21 5 4 20 6 10 2 24 16 22 17 25 20 2 14 10 8 21 7 16 24 17 12 23 20 7 22 7 9 17 26 23 15 11 25 24 16 
6 7 6 6 10 23 24 26 24 16 16 0 17 23 2 22 16 15 21 24 22 2 16 20 4 2 3 12 12 2 23 18 5 9 15 5 17 3 13 22 22 22 10 23 6 12 5 17 12 22 24 
16 10 25 16 23 25 17 22 7 24 25 16 0 23 10 2 4 8 20 19 20 7 9 16 11 9 16 5 13 6 13 10 16 4 11 21 25 17 20 4 22 13 3 13 10 12 21 18 3 12 17 
22 15 14 18 3 12 11 7 3 9 4 10 16 0 11 2 10 2 20 24 23 9 23 12 10 15 15 23 4 12 23 13 6 5 23 22 16 14 20 15 21 3 14 2 5 4 11 5 12 10 5 
19 3 6 9 9 16 5 17 21 23 10 8 21 4 0 18 18 7 16 14 16 14 8 23 6 25 22 26 3 21 19 18 16 19 8 11 10 25 9 3 13 23 5 24 3 19 6 22 23 14 2 
23 17 4 21 7 26 18 26 13 19 16 22 8 12 24 0 8 8 13 10 16 3 19 13 6 23 4 15 10 19 2 22 18 17 12 21 7 15 11 2 24 21 13 13 13 4 6 21 12 10 10 
17 5 6 25 13 17 18 12 18 8 19 10 8 8 15 2 0 17 9 8 14 12 2 22 2 19 8 11 24 3 11 4 16 26 26 11 13 19 10 12 6 17 21 17 24 16 13 14 23 5 3 
17 12 16 26 12 16 10 23 19 5 25 13 21 25 10 9 4 0 4 26 12 22 25 8 3 17 24 13 13 21 14 8 3 14 25 12 24 18 3 4 6 17 10 10 18 9 3 20 13 17 26 
14 8 7 24 19 2 15 12 20 21 17 6 12 9 16 6 16 4 0 20 18 24 24 12 2 5 5 8 11 7 13 20 18 3 22 16 22 11 12 20 20 25 3 8 9 5 3 14 12 21 20 
4 2 11 12 18 22 13 17 14 16 21 14 5 19 11 17 5 26 13 0 24 10 23 15 20 18 2 11 12 18 16 12 22 10 6 7 19 4 12 13 16 9 5 22 21 8 4 19 9 11 23 
20 11 3 9 23 23 22 3 25 9 23 3 4 18 4 26 5 4 17 6 0 25 3 24 9 15 14 2 16 3 16 26 2 10 13 17 2 26 7 9 2 15 25 8 25 15 25 5 14 12 10 
2 20 14 25 7 8 26 23 15 12 6 16 4 17 16 3 15 3 8 9 17 0 14 11 3 18 21 24 7 13 14 9 21 12 19 7 16 7 24 3 25 13 7 18 4 20 24 20 6 19 13 
20 5 26 4 11 10 23 7 4 8 18 9 19 25 7 8 20 12 13 5 23 10 0 14 24 10 3 15 10 5 3 24 14 25 19 17 21 15 5 18 9 11 25 9 20 23 4 16 25 11 22 
2 4 4 9 7 15 6 13 11 14 14 24 26 24 15 18 5 3 11 20 21 21 8 0 3 3 18 22 22 26 11 24 10 23 26 9 11 12 15 14 21 24 22 16 12 13 23 22 12 20 10 
19 26 3 19 14 12 7 15 10 18 4 13 9 9 2 17 7 26 8 6 23 21 18 3 0 6 16 17 21 19 13 25 6 2 16 22 8 23 26 19 2 21 12 12 11 19 8 10 26 4 7 
23 12 7 14 15 2 11 19 3 6 2 10 10 12 15 15 6 12 16 7 17 23 13 22 25 0 26 15 23 16 22 21 10 9 21 24 21 6 8 9 3 23 2 11 26 10 24 22 22 20 17 
13 20 19 13 21 10 21 26 9 4 22 9 2 2 23 23 24 13 13 9 10 24 9 6 17 9 0 18 11 3 21 23 25 20 18 9 16 19 12 11 11 8 16 21 4 8 25 13 17 11 25 
11 5 17 21 10 16 11 12 24 15 8 25 23 17 11 19 26 7 3 6 22 16 15 24 26 16 12 0 19 15 25 2 23 2 23 21 14 26 15 2 4 8 2 21 23 8 15 6 25 23 23 
11 7 11 7 10 14 24 6 5 22 5 16 14 25 25 13 22 20 3 18 7 9 9 11 25 9 3 26 0 14 17 19 22 18 18 5 22 13 20 13 20 12 9 20 21 8 14 14 19 12 7 
16 20 6 6 23 16 17 20 12 19 17 20 2 8 25 17 25 12 24 16 26 20 9 20 12 21 9 25 12 0 6 12 10 14 10 10 15 10 19 9 14 19 7 14 10 16 21 12 11 3 22 
5 8 18 11 5 13 3 13 3 20 23 13 11 8 18 19 18 23 8 18 19 9 12 12 23 21 4 16 8 17 0 22 19 22 18 17 20 11 17 8 14 16 25 6 17 18 11 2 5 21 26 
15 23 14 17 18 3 18 15 8 10 7 17 17 18 14 10 14 18 5 19 6 7 23 20 11 24 10 25 7 8 3 0 17 5 25 2 3 2 13 12 25 16 26 23 12 4 5 5 26 17 21 
20 15 7 19 7 2 11 24 6 18 17 19 9 22 7 19 17 19 3 8 9 8 7 3 9 3 2 23 3 20 22 22 0 15 13 18 23 6 2 9 20 24 2 26 6 26 14 17 17 21 20 
23 14 20 9 15 12 19 10 19 4 26 2 13 11 4 17 2 17 11 12 3 7 26 3 21 5 9 9 6 7 13 21 4 0 20 11 25 25 17 14 22 6 15 3 16 25 26 21 19 5 17 
8 4 20 18 10 25 3 25 18 2 10 26 17 9 20 21 3 8 11 26 4 14 10 4 22 23 14 26 5 19 16 9 3 11 0 19 22 18 19 2 16 2 19 26 3 7 14 18 3 19 9 
13 10 4 13 24 20 21 11 21 6 9 14 23 22 4 9 2 15 17 2 12 7 11 11 11 26 23 3 21 23 15 13 22 8 7 0 9 10 19 15 11 24 25 17 9 7 25 18 12 16 12 
19 9 12 2 4 19 17 8 2 23 6 8 11 15 26 23 4 3 12 19 10 3 10 20 22 26 15 21 19 24 22 5 10 8 3 15 0 19 5 17 6 21 25 12 21 15 11 23 5 12 8 
4 13 17 15 19 3 24 18 6 9 17 25 12 11 26 3 4 16 3 12 16 25 11 18 16 4 13 9 8 25 16 9 19 24 26 12 11 0 25 8 14 7 15 11 5 4 17 17 2 7 22 
8 5 23 11 23 25 12 3 19 5 10 3 26 8 11 2 8 23 13 22 24 7 2 25 11 20 10 17 22 12 26 10 25 11 3 3 7 5 0 24 17 14 15 20 5 5 10 10 8 21 3 
3 2 9 21 17 20 14 23 24 10 10 26 26 4 13 3 5 9 15 13 11 26 7 8 3 6 11 20 6 11 12 24 20 19 18 12 22 16 13 0 14 16 21 15 22 12 18 9 24 3 21 
19 12 8 14 4 26 11 11 23 14 14 24 24 16 16 17 9 10 24 9 9 11 11 22 13 17 26 13 24 15 14 23 17 11 3 12 9 2 15 23 0 19 15 15 16 9 23 7 12 7 24 
15 22 13 24 7 2 8 12 2 10 4 24 22 20 22 15 22 5 3 15 22 26 20 18 6 7 16 18 11 6 15 9 9 10 17 22 24 8 9 22 6 0 20 23 8 7 18 3 10 15 26 
7 25 3 8 10 26 4 23 18 22 17 15 10 14 22 13 20 5 15 10 5 5 4 20 17 20 18 20 24 13 26 16 10 21 4 14 11 19 8 4 19 11 0 22 14 24 15 5 6 6 14 
10 23 2 20 7 26 14 4 22 20 25 13 23 14 7 6 19 8 17 4 16 18 16 18 16 19 4 7 5 12 17 7 13 4 6 6 6 26 24 10 23 12 12 0 2 14 14 16 19 6 7 
11 17 21 11 22 5 14 26 3 14 2 15 18 4 12 20 22 21 4 22 14 14 14 22 2 9 11 14 4 21 14 16 16 4 9 7 26 2 13 2 22 21 14 25 0 7 13 15 17 24 8 
18 21 14 21 2 5 19 13 3 5 19 4 15 11 22 12 23 15 16 24 12 8 6 5 5 13 6 15 15 8 7 20 18 11 23 8 24 7 26 2 22 23 18 24 21 0 20 14 10 3 13 
11 12 2 23 17 22 2 5 18 24 16 13 15 23 10 21 12 10 3 6 2 18 11 24 11 10 19 21 15 14 22 20 8 4 15 15 9 16 17 7 21 5 25 26 16 22 0 14 7 20 13 
9 12 19 13 7 19 13 5 26 13 13 4 3 26 26 16 26 9 24 6 13 23 6 9 24 16 22 5 18 10 6 26 17 26 4 21 21 17 14 16 20 11 12 26 8 24 24 0 26 9 9 
19 21 3 4 22 3 2 25 23 20 14 16 19 8 25 26 13 14 14 7 2 21 25 9 4 14 25 12 25 9 20 23 8 12 12 5 13 5 21 12 13 10 12 21 2 9 23 9 0 10 7 
10 3 3 12 20 6 19 16 21 18 17 26 4 16 3 4 16 8 26 19 6 8 22 4 16 7 12 5 24 19 20 3 17 20 9 13 24 21 19 6 21 22 13 13 2 11 24 2 4 0 16 
15 10 13 3 3 26 14 14 17 21 3 24 5 11 14 20 4 9 7 17 2 8 9 14 8 17 17 3 13 9 7 25 22 6 10 2 16 9 18 2 26 15 19 6 10 17 18 22 11 2 0 
