Le nombre de site (720 min)
151
Les sites 
siteId score temps
0 0 0
1 90 10
2 69 7
3 72 7
4 116 16
5 96 12
6 116 17
7 75 11
8 137 20
9 89 9
10 61 11
11 144 20
12 90 17
13 129 16
14 71 5
15 109 14
16 54 6
17 71 10
18 39 6
19 83 7
20 139 18
21 70 11
22 107 19
23 77 9
24 38 5
25 38 7
26 36 5
27 59 9
28 125 18
29 91 12
30 40 8
31 54 6
32 110 19
33 68 12
34 93 16
35 71 5
36 76 15
37 113 18
38 71 8
39 85 17
40 57 11
41 72 8
42 105 17
43 66 5
44 69 12
45 121 15
46 64 6
47 121 20
48 91 14
49 75 15
50 53 5
51 111 20
52 99 14
53 82 9
54 83 11
55 74 10
56 104 19
57 68 7
58 98 12
59 107 19
60 108 20
61 71 7
62 91 17
63 121 19
64 66 10
65 72 6
66 91 11
67 109 14
68 101 17
69 77 15
70 54 10
71 119 14
72 134 17
73 81 8
74 74 5
75 100 18
76 107 20
77 132 19
78 108 16
79 103 12
80 70 13
81 97 10
82 117 16
83 74 6
84 120 16
85 59 9
86 80 8
87 69 6
88 60 10
89 97 16
90 28 5
91 101 18
92 96 12
93 104 16
94 71 14
95 27 5
96 112 20
97 148 20
98 96 19
99 118 17
100 35 6
101 110 18
102 57 7
103 97 12
104 106 19
105 60 7
106 97 11
107 100 16
108 117 18
109 106 14
110 138 18
111 102 15
112 60 10
113 55 6
114 85 7
115 107 14
116 80 11
117 131 17
118 108 19
119 130 16
120 36 7
121 92 18
122 93 9
123 90 18
124 143 19
125 110 17
126 58 7
127 99 12
128 85 12
129 139 18
130 89 11
131 69 6
132 111 18
133 65 7
134 70 11
135 49 9
136 82 9
137 96 11
138 78 11
139 70 7
140 62 12
141 109 13
142 63 7
143 124 20
144 139 20
145 114 14
146 109 17
147 69 10
148 81 9
149 39 7
150 59 8
 La matrice de temps
0 45 66 58 39 8 65 76 18 75 47 29 73 36 48 13 73 22 33 54 3 69 51 27 34 76 70 3 69 51 36 5 19 55 48 49 4 59 59 72 56 57 63 68 4 7 36 10 48 76 36 32 39 34 33 31 67 41 35 52 62 59 23 64 48 52 2 39 40 18 62 39 24 46 30 16 13 63 42 39 5 24 35 58 22 7 50 16 63 62 67 8 63 15 16 20 56 31 59 74 69 72 10 31 68 35 25 47 9 35 74 19 8 58 69 27 73 15 68 2 48 37 60 48 5 57 36 67 6 58 75 55 42 56 53 47 73 57 40 4 53 15 46 60 27 35 23 73 28 2 46 
10 0 28 36 70 33 57 30 26 13 39 53 16 45 50 40 16 17 15 24 73 54 44 4 16 75 22 33 71 58 51 15 19 14 43 58 9 48 74 56 7 73 3 5 36 53 48 74 2 40 34 46 27 63 54 47 70 23 38 48 9 21 28 38 4 74 48 44 61 26 41 29 75 71 76 71 12 63 5 42 2 33 33 10 59 71 66 5 7 50 51 45 7 29 47 27 37 9 36 16 68 55 43 17 46 38 10 47 43 63 55 21 56 69 11 22 71 55 33 62 66 43 73 32 24 28 15 8 70 43 37 75 59 57 28 48 30 24 61 3 23 62 16 22 67 74 75 10 27 42 49 
75 5 0 13 26 43 50 25 27 32 59 7 48 27 28 71 33 34 9 29 10 74 7 73 60 35 42 6 29 58 66 67 24 60 57 12 58 24 16 17 20 74 61 56 40 8 4 40 69 48 16 51 47 62 50 56 2 48 69 72 15 52 52 28 8 53 5 14 31 33 8 34 35 37 67 15 75 58 3 50 70 15 48 39 55 50 16 32 20 50 48 2 49 56 61 22 66 51 19 3 7 43 75 47 45 32 68 71 29 44 50 76 32 31 45 42 44 31 69 12 70 38 69 19 9 18 68 44 57 31 64 74 72 19 41 37 70 59 31 54 48 66 63 9 62 49 34 4 24 34 17 
3 62 25 0 75 8 18 68 54 37 5 46 53 13 5 53 58 69 62 50 25 2 38 64 53 10 61 31 67 35 34 73 17 15 65 73 26 9 55 2 54 30 2 63 65 71 53 48 23 45 26 53 6 76 13 27 57 66 3 34 71 13 16 45 9 76 35 66 33 40 71 30 22 60 58 19 57 19 22 55 3 57 15 16 34 10 64 18 13 35 52 21 54 26 34 48 54 75 15 26 24 76 34 31 61 74 10 62 21 3 68 46 70 35 43 6 33 30 36 20 6 18 39 50 74 33 13 72 59 36 34 44 32 31 12 64 44 25 40 31 13 53 35 58 58 13 38 71 71 12 5 
35 73 28 38 0 14 13 36 66 22 64 38 19 5 53 56 75 41 26 68 50 35 32 73 24 35 68 50 51 63 56 53 32 36 67 55 47 34 5 23 2 57 15 65 23 48 27 46 17 63 37 10 28 26 24 63 23 22 74 2 52 56 7 27 32 59 45 44 47 53 22 49 76 51 60 38 61 74 41 2 12 56 6 37 14 71 64 35 69 49 23 42 44 69 50 64 72 55 12 64 4 70 43 57 40 18 36 66 63 71 41 43 2 56 39 22 20 73 31 16 38 29 11 23 63 12 6 38 54 15 61 74 36 57 46 48 56 19 21 19 30 59 44 9 25 74 56 21 54 61 31 
21 58 9 22 59 0 62 9 44 39 3 60 61 28 7 27 57 39 33 44 51 66 42 27 44 15 3 69 43 20 34 65 70 42 15 60 9 62 38 3 74 25 38 17 60 75 65 66 49 38 11 50 35 25 63 4 14 20 58 56 14 29 56 3 31 7 42 51 60 52 51 25 69 5 33 27 31 73 72 62 65 24 23 46 43 11 23 43 41 59 8 25 16 69 26 73 75 26 25 18 65 31 21 25 74 70 40 75 51 31 40 55 8 34 30 15 67 34 62 5 61 37 44 71 16 52 10 16 71 15 49 57 21 76 74 74 23 26 4 2 69 24 39 73 35 63 33 46 10 59 23 
20 15 13 52 46 19 0 6 4 43 38 19 72 52 59 63 38 33 11 9 42 39 37 17 38 39 24 57 61 52 60 12 14 62 17 43 64 13 67 27 3 26 52 53 28 31 29 36 56 16 45 30 58 7 72 48 72 53 55 46 10 16 31 58 27 62 72 68 27 44 72 51 46 45 42 72 37 52 66 29 13 70 44 40 51 65 70 39 26 40 42 4 2 76 56 37 42 68 4 72 47 63 42 69 13 13 5 11 60 51 22 26 4 33 58 19 33 34 52 21 62 46 72 31 38 34 67 14 63 48 65 63 75 50 25 64 30 51 61 71 52 51 28 60 49 71 73 53 6 21 23 
67 6 42 13 15 12 37 0 62 51 51 49 19 40 54 36 7 36 28 24 21 32 30 15 16 27 17 27 29 2 27 60 60 15 4 2 23 61 72 3 7 20 51 5 16 57 29 62 8 39 56 41 30 63 19 46 26 34 28 24 49 71 42 30 47 33 24 15 13 40 33 34 35 67 18 52 31 63 15 32 19 53 26 35 43 31 59 15 5 53 29 69 54 10 66 38 56 34 20 67 3 69 37 53 61 38 37 53 56 47 57 7 71 9 35 76 9 34 11 61 3 31 68 30 39 11 47 59 43 65 41 12 5 60 52 34 48 16 51 46 33 65 18 31 56 62 68 57 34 2 49 
30 56 48 14 3 27 53 45 0 24 60 57 16 74 50 14 42 53 7 12 61 32 2 47 6 39 13 28 35 13 65 32 66 76 54 34 28 45 20 32 12 20 66 14 40 37 21 29 33 62 9 49 65 4 76 19 34 7 27 19 61 30 61 4 23 23 9 41 57 9 53 13 29 29 50 33 41 16 43 49 33 72 18 37 72 62 5 40 39 25 67 76 63 60 45 63 56 53 55 32 41 4 29 66 25 44 75 19 75 36 49 72 48 44 48 28 76 31 12 19 58 30 2 56 65 74 35 59 62 25 4 55 44 45 16 54 43 16 6 13 65 73 11 76 32 34 70 14 29 66 25 
55 14 76 57 67 50 44 11 62 0 28 8 62 38 15 32 10 66 7 54 7 30 28 67 37 55 66 46 76 66 18 64 13 48 35 57 8 67 13 45 32 2 44 73 47 38 52 57 55 10 47 53 63 69 11 36 9 48 68 26 69 26 23 28 45 16 36 28 52 33 37 32 35 37 6 7 44 13 69 30 3 20 75 53 57 30 19 70 2 42 30 6 10 12 15 35 52 48 6 24 37 12 46 14 73 25 40 10 46 11 65 37 35 34 54 39 43 2 74 36 43 21 20 44 72 3 9 12 63 7 4 6 20 4 37 46 30 32 62 13 13 56 57 42 65 39 64 22 71 42 62 
31 50 8 26 32 51 13 12 44 40 0 10 51 68 7 35 63 23 68 20 7 45 73 37 76 43 18 45 62 19 20 12 22 40 71 45 75 7 60 47 48 3 50 18 8 56 69 43 60 69 61 12 46 33 22 58 5 31 33 14 61 37 64 31 15 7 36 40 40 35 73 70 29 42 26 44 30 53 37 18 30 17 62 8 38 61 11 9 3 14 56 58 27 42 19 2 43 29 20 60 70 3 2 70 59 47 53 34 24 52 28 24 44 35 62 8 60 63 28 12 22 27 14 13 62 22 48 69 61 33 14 44 73 17 53 51 5 22 19 40 5 34 46 67 71 10 54 68 4 70 14 
28 70 76 53 47 74 67 5 20 51 46 0 4 64 29 31 29 38 18 45 75 72 32 13 75 37 53 23 47 30 15 8 47 19 32 10 48 40 70 58 62 34 37 71 60 4 69 64 60 73 51 26 47 48 76 38 61 69 43 41 64 16 66 76 69 59 23 59 8 75 43 29 22 35 63 64 55 23 39 25 8 57 4 12 47 4 11 68 61 51 58 33 47 26 27 26 57 43 27 68 36 17 73 40 3 31 62 60 18 52 45 24 23 59 9 75 51 8 64 52 15 33 27 11 39 59 40 68 11 65 19 71 42 43 60 48 71 33 46 29 9 26 33 66 67 3 15 72 36 33 29 
57 37 8 47 76 28 38 47 21 6 15 60 0 58 4 14 9 55 58 50 20 43 67 54 34 47 40 62 22 62 25 60 66 54 70 42 11 31 37 66 29 75 76 64 14 75 33 75 14 15 30 9 34 13 76 59 68 16 13 64 39 65 48 31 45 23 28 73 22 20 62 46 64 47 39 36 65 56 69 49 21 55 13 3 16 69 63 69 38 65 35 17 51 60 53 65 21 59 27 4 54 11 25 31 58 26 38 22 43 2 35 71 22 44 43 31 38 52 43 12 4 57 42 8 6 20 30 45 8 19 26 73 57 40 28 10 74 44 62 40 52 55 57 69 17 6 2 27 51 3 28 
74 47 4 17 65 76 51 9 30 54 49 3 49 0 37 18 76 25 66 34 48 72 6 75 34 48 68 51 74 29 19 51 36 51 28 60 37 16 22 57 66 67 75 11 58 25 15 11 8 12 67 23 56 46 19 37 6 24 35 60 69 2 24 45 8 17 29 63 29 74 69 14 54 37 5 7 59 25 65 71 66 39 75 42 16 75 25 68 30 20 14 29 54 65 47 55 70 59 73 10 23 33 75 27 18 46 31 61 45 75 76 59 48 37 4 37 58 59 49 50 49 62 43 63 49 73 71 60 56 13 56 65 61 70 7 12 36 44 67 66 68 26 22 2 8 42 52 44 2 5 75 
9 8 28 67 66 13 73 76 42 40 54 50 45 42 0 62 73 2 75 74 73 48 50 22 63 70 41 12 30 75 12 52 5 63 73 6 49 32 49 20 7 12 57 2 51 10 33 39 45 15 16 16 25 70 54 47 15 61 67 30 58 8 70 62 26 55 76 37 10 6 46 75 22 71 64 72 65 38 53 9 18 54 48 40 48 26 44 63 17 62 7 14 13 64 71 53 50 74 14 26 52 13 15 52 65 7 19 71 4 45 56 74 31 63 41 17 62 66 34 73 59 59 10 26 50 35 17 57 75 23 48 25 48 59 20 11 42 27 60 54 72 38 43 50 71 55 68 51 22 40 70 
11 5 50 20 57 17 55 54 76 41 76 45 40 70 54 0 22 61 63 51 26 3 58 73 21 32 12 35 54 62 25 22 46 47 23 70 15 16 8 13 31 48 31 35 13 20 48 61 34 49 34 23 26 18 39 54 27 73 14 67 69 38 66 30 27 27 5 31 55 9 12 14 67 72 44 56 7 65 49 68 28 43 21 40 57 39 72 25 49 59 60 61 70 32 52 55 68 34 5 65 70 59 49 18 60 9 27 51 27 71 59 45 53 47 58 23 17 60 54 52 3 63 41 12 76 2 41 52 53 55 22 29 53 72 4 13 23 12 10 60 23 15 39 32 42 9 56 18 22 35 46 
20 2 73 12 36 2 25 8 58 7 47 50 16 64 32 32 0 60 2 28 7 13 50 24 29 57 64 24 19 13 18 51 38 50 76 39 2 61 28 49 6 14 7 17 39 73 38 54 41 59 33 9 3 24 40 51 35 7 13 12 57 65 60 22 48 21 25 58 56 25 24 55 38 10 32 50 72 33 17 52 19 36 71 56 36 40 23 64 76 47 2 23 22 46 15 9 25 28 74 74 36 25 20 55 60 35 4 49 74 14 58 49 55 15 24 57 24 72 13 2 63 60 37 35 49 58 6 44 13 50 46 2 74 6 51 29 19 60 52 62 73 56 26 47 53 46 55 41 10 32 57 
64 13 4 64 76 5 39 67 69 49 23 31 72 9 11 35 10 0 42 73 15 21 36 37 15 75 53 72 33 43 43 55 55 76 2 64 74 26 20 43 29 11 14 3 37 72 58 48 35 43 37 28 74 56 18 51 57 70 45 17 5 54 20 61 18 26 32 14 34 65 51 39 76 74 48 17 55 55 38 26 27 71 58 21 58 24 3 70 53 54 55 29 53 37 11 25 66 23 70 25 6 65 15 47 11 27 73 21 14 44 29 32 64 63 6 47 61 16 65 28 40 73 31 49 22 14 40 61 20 37 14 52 39 60 51 54 52 49 18 41 43 71 26 24 69 64 11 42 25 46 46 
42 14 25 52 33 5 48 28 6 8 12 76 74 6 30 5 8 43 0 18 8 50 45 64 50 75 18 6 45 44 25 12 38 27 3 67 75 19 29 72 39 14 61 26 38 52 35 56 17 34 44 68 24 48 34 45 6 31 19 59 53 75 30 55 35 12 74 23 75 10 41 73 2 52 34 54 36 7 11 63 32 44 73 37 28 19 62 5 41 72 29 73 65 17 15 33 26 63 26 68 46 12 16 40 21 25 3 14 19 71 76 54 32 15 73 71 37 9 2 3 53 32 31 54 74 20 48 39 66 73 46 12 33 12 15 15 7 65 35 63 4 29 8 23 4 11 4 53 31 67 28 
59 68 67 59 43 26 68 74 4 17 19 10 41 2 49 72 9 32 52 0 39 22 43 47 4 36 36 62 70 21 47 50 33 68 17 51 55 59 12 52 50 59 47 53 42 34 47 43 75 34 37 19 43 10 53 18 60 32 49 54 61 44 43 60 28 17 76 10 50 22 22 37 58 20 7 31 20 74 46 27 50 60 44 56 56 21 18 42 45 14 72 74 14 12 2 21 12 62 52 25 7 37 38 68 5 49 57 57 2 24 28 31 55 16 51 19 54 32 59 51 73 10 10 68 58 4 40 70 60 58 47 50 41 35 61 6 49 46 5 46 17 55 58 76 10 15 76 16 19 35 67 
69 74 73 25 15 12 73 4 55 73 15 47 51 13 51 46 65 52 37 11 0 57 48 23 52 5 23 25 28 22 27 32 66 10 44 30 14 11 2 44 41 7 2 44 52 14 42 73 74 49 49 38 33 48 8 20 60 17 57 39 12 22 11 64 55 71 4 42 26 2 73 43 61 8 64 11 67 5 68 9 63 57 36 50 57 38 15 22 55 6 18 45 60 59 68 55 60 10 64 76 26 45 14 18 45 29 38 54 24 50 63 41 41 69 52 22 32 6 19 58 43 40 68 26 43 67 72 76 3 48 8 68 53 70 50 8 65 27 21 8 45 24 55 33 36 16 23 63 17 23 44 
45 65 74 63 25 43 16 14 54 25 70 65 41 63 44 15 76 7 47 27 3 0 24 46 53 53 59 41 8 58 23 25 57 66 35 47 51 63 26 24 22 49 20 19 29 60 5 75 42 33 37 5 3 26 73 42 23 52 24 75 60 76 37 16 17 71 8 43 33 47 9 21 63 19 31 54 72 32 23 18 11 42 70 23 51 11 23 52 27 64 26 13 76 76 11 39 33 31 5 61 18 15 49 73 61 39 36 36 30 61 37 59 25 32 8 29 14 48 36 2 2 14 40 60 10 73 3 41 48 62 9 21 42 4 17 37 41 22 62 69 31 35 58 57 39 54 63 67 59 43 17 
75 73 12 21 66 58 10 44 23 40 56 75 44 3 3 62 55 19 64 42 5 35 0 37 31 71 40 17 23 46 57 56 6 47 28 50 72 38 30 8 7 46 11 8 47 25 37 25 6 74 24 33 9 53 74 50 29 63 10 12 4 55 38 14 75 31 51 30 49 36 35 61 36 38 70 20 11 21 58 71 61 69 71 19 11 41 64 14 42 74 72 64 13 40 65 66 66 6 49 55 52 14 55 37 46 14 67 75 3 39 7 59 76 24 43 49 27 57 3 11 6 49 63 57 54 22 68 27 45 68 44 75 36 75 71 67 8 64 6 70 58 59 56 41 55 70 56 68 37 61 4 
62 4 52 47 75 6 61 13 25 23 26 17 66 70 2 29 74 41 3 58 64 63 76 0 27 17 17 31 35 17 25 51 28 62 54 40 55 32 69 33 74 76 24 48 51 61 10 26 6 15 41 69 69 20 9 9 63 60 26 36 20 5 73 28 30 58 67 10 61 63 30 2 37 29 62 33 8 50 20 38 67 15 9 33 62 68 53 61 71 22 68 64 55 52 66 46 11 54 55 30 74 44 72 5 6 43 36 47 56 55 7 58 19 51 73 28 66 29 16 67 18 54 69 17 2 51 71 5 24 21 59 56 23 32 47 16 62 58 73 72 27 69 44 14 63 75 39 47 32 55 76 
27 73 7 59 33 56 25 21 45 3 64 39 4 30 46 41 22 70 16 21 21 2 24 27 0 23 24 64 9 37 66 23 23 68 42 30 34 71 76 74 40 45 25 59 67 36 59 8 76 21 75 50 24 59 39 42 15 50 43 65 42 70 13 14 60 67 54 55 51 8 57 25 60 19 28 61 40 17 7 32 68 43 7 44 2 75 6 64 48 18 17 47 56 65 39 20 17 62 8 67 51 51 43 23 18 68 65 39 64 24 2 8 61 20 41 16 65 41 57 46 42 38 17 13 42 6 34 37 4 66 11 15 68 23 69 16 53 43 33 67 4 6 27 43 40 25 28 36 54 40 65 
50 30 70 10 14 57 72 20 7 74 64 45 72 2 69 2 6 74 61 60 41 76 57 73 8 0 11 18 57 56 55 56 47 17 10 25 44 5 11 45 39 59 2 19 19 10 54 61 38 46 38 70 49 26 76 10 11 26 64 4 39 28 24 33 76 71 18 41 48 60 49 56 17 22 25 22 51 8 63 42 48 65 56 57 45 59 66 20 41 33 70 7 21 15 61 9 31 20 32 47 46 15 35 55 65 55 29 53 31 39 53 58 9 34 63 8 6 47 58 10 37 74 22 61 9 59 32 36 49 65 25 71 41 57 69 26 61 60 39 35 62 21 53 56 71 33 22 64 11 68 63 
43 29 2 73 50 43 59 73 29 56 74 74 2 30 12 25 64 8 57 28 3 10 16 20 19 16 0 39 39 66 31 59 64 22 24 16 27 2 25 43 64 7 54 36 50 15 34 42 50 46 53 13 74 66 76 21 23 63 4 62 4 50 48 57 57 33 3 27 38 6 15 57 45 69 13 24 57 36 40 43 67 48 60 49 15 63 14 67 4 18 38 37 32 65 50 2 6 22 66 71 48 26 44 5 58 74 69 39 59 23 13 68 28 75 71 26 63 58 68 20 56 69 34 58 44 16 17 35 31 73 66 54 25 76 18 15 35 39 51 34 18 13 67 61 29 31 40 56 69 60 9 
16 30 42 39 49 58 61 55 33 36 42 51 6 48 8 12 60 70 55 4 40 47 12 42 65 24 7 0 51 3 5 40 43 44 2 76 70 28 75 63 16 44 36 10 15 50 74 34 54 71 19 36 3 18 36 7 30 68 44 4 20 23 69 35 37 76 65 9 22 13 26 9 6 38 2 41 26 58 44 45 64 21 45 2 69 74 70 11 20 68 63 73 6 41 33 63 31 59 61 75 56 40 51 69 9 12 2 49 15 28 57 12 75 47 38 70 48 10 62 28 45 49 19 63 3 39 31 54 67 70 28 40 31 43 7 58 12 32 6 63 52 4 57 41 26 6 15 23 20 76 23 
20 2 32 60 53 10 76 9 10 52 32 72 60 72 68 22 56 24 7 75 51 12 5 13 69 13 12 74 0 54 62 14 37 67 53 2 8 25 10 55 62 4 53 26 7 56 17 36 11 47 54 61 11 35 76 19 51 11 59 25 34 42 55 55 51 50 46 68 9 28 68 57 22 31 61 50 49 8 76 30 46 17 16 68 50 67 35 53 5 74 17 75 11 75 52 68 17 16 16 20 5 67 69 47 33 52 10 28 75 44 8 19 36 70 67 33 21 14 58 35 39 39 76 60 76 37 16 44 76 68 21 17 74 51 64 36 10 42 56 65 51 52 53 10 74 38 62 61 46 51 75 
41 23 22 42 36 44 29 24 35 11 7 17 60 47 63 33 42 29 54 69 43 40 26 34 53 74 42 64 51 0 57 2 25 5 69 59 69 9 3 39 31 38 69 7 52 19 27 55 42 39 31 17 33 51 49 42 5 15 76 72 20 24 71 30 15 36 55 44 66 21 9 66 50 14 4 2 61 32 17 54 14 9 50 35 6 43 73 61 32 49 68 27 40 25 38 8 66 39 36 65 26 50 44 37 5 50 35 43 18 2 23 22 76 71 2 7 59 51 50 4 56 21 21 20 19 31 55 39 75 28 62 26 30 48 44 7 47 53 64 36 36 56 7 38 47 71 30 71 35 60 30 
31 39 36 57 36 19 9 35 48 57 55 52 51 12 37 30 29 52 52 61 34 43 28 70 34 15 24 44 71 44 0 9 37 56 74 43 34 66 10 56 63 24 4 55 38 70 3 60 60 6 47 64 65 45 42 43 24 46 39 16 52 34 32 38 34 59 71 61 37 66 60 2 15 75 57 73 40 39 47 51 20 19 50 46 67 17 49 22 74 28 45 60 16 59 67 9 68 31 52 52 9 47 36 72 59 26 69 29 27 73 23 24 45 31 24 61 35 49 33 47 22 39 22 62 68 18 16 41 59 12 70 37 76 54 16 15 2 37 56 2 74 73 73 65 56 19 52 61 38 2 58 
23 72 72 20 34 11 30 57 5 2 23 49 25 2 57 51 65 23 5 14 32 3 59 56 19 41 57 27 33 23 38 0 46 76 31 59 69 5 70 15 4 10 24 40 38 20 47 8 52 31 47 40 52 5 30 46 21 46 16 19 14 47 14 25 48 40 18 62 30 49 51 61 70 8 22 24 75 10 54 40 5 8 26 73 66 66 31 8 71 47 41 52 63 71 73 59 10 18 41 23 31 57 59 65 9 72 8 44 73 73 70 12 13 42 21 28 22 40 62 19 72 20 24 25 41 41 51 70 34 13 28 50 53 37 55 76 39 19 67 43 61 40 10 76 3 47 37 6 17 34 39 
16 48 33 17 9 41 56 26 73 10 66 23 61 68 66 40 28 63 22 49 14 21 60 72 57 65 65 30 21 40 16 38 0 69 55 60 53 44 29 35 6 24 44 45 31 7 30 54 48 19 17 10 50 72 71 7 16 43 72 59 16 37 51 76 21 11 48 34 59 58 53 65 55 3 71 27 35 35 48 61 30 41 8 29 19 71 17 63 51 69 74 41 17 61 44 65 53 14 26 70 41 68 25 34 28 32 15 6 60 52 71 47 36 65 40 66 15 59 37 29 52 54 33 53 55 35 29 64 64 13 18 13 72 67 30 74 34 52 30 26 35 51 74 39 21 7 3 29 71 7 23 
70 51 28 2 68 45 38 76 71 64 8 64 13 58 74 48 47 14 58 37 76 19 6 47 39 62 49 4 3 25 33 21 21 0 75 45 50 24 65 57 38 8 21 13 56 14 28 8 34 61 34 57 19 9 73 23 45 20 22 69 17 74 75 26 59 31 33 14 71 63 41 55 7 50 22 29 17 23 3 30 68 58 20 10 53 6 65 29 38 71 14 54 14 35 38 18 27 5 49 57 29 75 74 74 44 20 43 36 9 32 40 7 60 6 15 60 18 60 36 20 4 65 59 46 69 55 40 60 21 64 16 37 66 68 5 65 57 4 16 60 42 19 71 67 9 22 51 21 14 69 20 
7 33 11 53 68 3 54 19 36 70 44 65 45 67 26 47 75 22 5 7 71 19 50 58 62 30 6 62 51 21 76 26 26 26 0 54 13 73 60 6 70 44 47 42 21 76 43 50 36 26 15 20 63 27 7 29 37 12 22 53 3 76 28 50 3 14 67 57 8 40 4 38 7 16 32 20 59 67 66 27 11 71 36 55 73 19 10 41 36 54 19 4 6 46 44 14 15 34 19 56 43 69 13 2 66 76 56 62 38 60 64 24 13 40 42 3 29 5 32 58 6 58 76 52 9 73 63 76 28 17 49 8 45 50 28 44 26 59 26 19 46 58 22 72 14 14 49 18 48 37 53 
20 60 51 39 10 58 56 70 62 6 7 45 28 63 44 4 67 32 74 42 35 63 42 73 60 74 30 23 62 17 37 68 57 68 41 0 17 48 24 72 50 75 57 58 30 37 28 63 48 2 58 41 36 62 47 25 20 75 15 48 48 46 10 70 7 34 53 6 48 27 47 57 73 8 28 12 42 30 57 10 66 15 30 45 26 66 40 44 26 57 74 6 19 4 44 57 69 69 39 46 68 13 68 67 17 74 23 10 59 39 63 43 35 45 20 19 8 24 76 23 39 52 55 43 57 63 61 62 33 30 28 27 40 29 71 69 52 44 5 74 3 53 60 53 32 22 35 56 3 46 42 
63 74 23 19 70 7 15 50 34 35 6 5 36 23 28 3 45 51 38 41 59 9 33 34 37 39 52 59 33 53 54 66 10 26 12 40 0 2 73 41 30 20 39 12 41 30 43 18 2 35 38 19 70 33 35 12 41 15 3 71 62 37 57 71 13 31 34 10 58 30 47 18 38 65 50 66 9 25 11 38 31 14 30 10 55 57 27 75 17 8 17 34 17 61 20 51 13 12 65 8 48 27 15 58 9 14 16 26 61 76 37 69 33 15 58 10 36 66 44 11 34 66 63 50 55 29 4 75 42 50 43 47 11 64 30 58 4 33 36 15 27 76 3 41 44 28 25 27 29 46 2 
40 41 53 25 62 3 61 59 21 26 37 11 4 36 18 8 40 5 16 16 9 53 19 15 33 23 7 10 48 16 35 13 36 54 4 16 39 0 74 71 6 48 74 44 64 17 60 20 38 13 63 22 31 15 45 39 70 70 70 49 71 48 28 51 32 2 38 13 69 64 36 49 9 17 30 2 15 18 50 48 44 10 47 54 37 3 37 67 17 64 42 30 46 30 50 49 32 50 72 40 60 6 14 2 65 31 65 41 25 11 36 9 8 45 21 2 50 67 19 9 53 3 73 33 63 45 68 42 14 28 27 3 64 72 22 47 9 73 36 51 4 73 67 28 41 70 29 40 62 30 8 
62 67 26 28 3 12 76 40 46 25 69 64 9 7 72 21 18 68 45 19 41 57 34 69 47 39 31 12 7 55 26 57 18 59 14 5 31 67 0 52 53 59 45 2 70 35 66 14 19 11 38 12 7 29 20 44 37 45 28 73 22 49 67 52 31 58 21 60 28 72 61 44 64 9 59 14 27 61 2 21 56 17 74 39 32 39 40 66 24 8 54 60 2 58 19 33 48 5 47 7 27 72 28 51 70 37 48 9 32 26 2 23 25 20 20 13 60 12 8 30 30 12 51 42 22 61 29 61 55 42 35 14 11 34 20 30 59 60 40 18 31 24 75 50 58 5 18 10 68 63 22 
32 20 51 43 61 60 30 59 51 6 18 36 57 6 12 15 24 47 63 32 24 57 49 40 49 21 38 15 15 33 40 14 59 30 30 14 50 64 24 0 60 14 63 15 11 35 43 24 76 47 70 72 59 5 28 69 18 3 20 63 32 28 67 57 60 16 35 59 22 52 54 73 5 42 67 19 56 42 2 21 59 38 72 20 29 4 49 4 69 48 12 16 41 2 63 44 31 62 22 2 35 71 48 43 59 43 20 65 18 5 76 74 72 65 62 55 28 26 57 27 36 33 56 13 61 73 30 2 31 31 46 32 66 33 18 60 46 32 32 71 8 69 28 5 52 49 20 74 74 59 58 
12 61 34 16 22 41 26 15 52 56 36 16 74 32 2 6 75 46 75 68 70 61 29 2 6 31 61 56 36 42 33 8 14 22 7 46 17 7 6 3 0 53 15 37 52 62 46 36 6 69 33 56 53 66 8 19 36 70 50 56 27 74 30 9 67 53 10 71 54 44 47 58 66 15 43 36 44 17 46 50 8 48 33 24 74 43 26 21 70 28 73 71 7 44 68 37 68 55 39 48 71 29 28 25 38 4 65 55 60 13 39 14 19 57 59 43 28 14 31 4 50 55 24 6 70 59 72 76 28 71 54 7 29 54 69 61 58 70 17 20 21 17 44 3 56 46 43 27 54 33 31 
19 15 13 31 58 55 50 25 24 2 49 45 45 76 60 68 54 4 5 64 49 73 67 48 2 30 36 15 30 8 54 25 5 9 16 53 53 28 32 39 43 0 25 62 27 5 63 58 44 17 56 67 10 22 15 63 41 51 2 67 58 44 69 20 5 13 35 3 63 48 63 69 38 5 76 4 36 61 16 29 9 9 58 51 43 13 61 49 5 7 46 48 59 11 39 23 53 33 5 44 51 75 22 11 42 70 70 70 15 8 44 72 19 26 12 43 31 54 7 58 43 17 37 11 3 10 68 75 41 18 72 71 10 21 8 2 3 27 33 10 67 13 33 5 4 47 23 53 47 35 66 
6 34 75 75 30 58 31 22 69 29 5 59 43 13 9 32 64 6 71 12 71 17 72 59 57 6 74 22 37 38 25 49 18 17 21 74 68 4 25 16 52 4 0 30 3 23 18 15 32 25 21 3 58 10 30 50 29 14 58 75 55 25 40 47 68 48 60 8 27 58 24 23 31 72 52 52 30 48 65 39 5 30 38 14 60 38 13 56 29 29 73 5 71 8 33 7 53 44 42 39 68 13 73 22 26 16 37 55 12 52 60 69 69 44 52 43 13 52 29 36 17 61 25 8 40 8 50 8 16 49 2 27 70 42 4 35 12 31 11 7 37 57 72 41 7 20 53 42 56 65 57 
28 29 14 3 23 3 46 26 23 65 17 10 69 73 58 43 50 28 7 4 23 12 3 72 16 24 32 71 60 6 51 59 14 63 45 45 48 55 39 32 61 7 29 0 33 23 24 40 71 27 45 24 61 66 71 63 54 54 31 45 33 25 7 76 31 15 21 66 19 67 66 61 15 24 4 3 47 9 4 34 40 17 25 60 58 69 30 12 49 39 37 23 58 49 14 76 73 41 62 8 48 52 12 9 61 7 39 69 57 10 42 49 36 32 62 72 13 32 4 54 42 48 22 38 37 38 28 46 22 23 66 56 53 50 12 15 50 64 60 33 6 30 26 52 9 47 39 36 43 48 69 
74 54 25 26 64 42 73 61 53 46 16 42 2 55 70 37 17 25 49 3 5 28 4 32 63 55 68 31 72 17 63 41 76 58 51 29 59 26 8 69 62 24 17 27 0 74 33 57 74 49 37 18 55 68 67 45 9 51 7 49 24 40 33 26 35 37 16 38 26 32 16 64 47 27 51 55 47 10 40 7 26 72 39 24 24 9 75 57 20 66 57 60 61 64 76 37 15 69 45 59 61 5 43 31 11 70 14 15 73 15 42 65 43 67 36 3 6 20 28 56 26 48 70 28 68 2 19 14 34 74 18 22 9 23 60 34 36 71 16 76 9 29 16 14 8 20 30 39 53 37 18 
23 18 3 13 69 72 38 70 26 36 13 68 20 38 4 7 41 69 34 35 12 22 48 41 27 31 33 16 42 67 25 3 37 37 30 28 66 19 41 60 26 50 15 57 61 0 21 72 52 14 64 19 75 27 14 32 63 76 69 61 9 37 5 70 62 47 38 23 39 5 6 71 52 71 33 7 5 46 43 23 44 27 75 11 25 63 61 6 48 9 62 21 52 43 29 47 44 50 13 15 21 9 46 69 55 27 4 69 46 14 75 71 64 56 10 16 23 65 5 14 14 27 74 37 39 76 15 65 45 16 31 41 38 67 24 19 30 4 36 62 8 62 7 10 16 5 33 57 65 7 71 
23 52 54 10 63 10 44 43 65 54 38 53 20 14 58 36 27 51 49 36 46 17 74 71 8 49 9 72 73 39 20 57 27 27 61 54 48 24 66 3 65 66 40 3 45 36 0 44 46 48 46 69 2 58 32 3 15 4 59 58 52 58 2 65 25 21 27 34 36 60 66 28 34 6 8 30 37 43 61 48 14 37 47 72 29 7 28 58 63 8 30 67 39 8 71 60 72 46 46 45 16 16 25 63 18 29 44 45 68 40 74 2 33 71 53 4 57 25 64 32 17 60 69 55 33 18 64 61 32 47 40 57 49 58 8 53 43 18 17 40 49 73 34 49 30 45 20 33 73 52 76 
45 26 25 55 13 43 43 34 27 2 41 39 3 65 46 3 55 31 16 14 75 70 35 28 51 70 57 71 73 6 11 14 56 60 9 12 75 62 31 36 44 27 3 34 3 49 47 0 69 28 62 66 52 50 29 65 2 28 60 36 28 31 41 76 72 48 71 60 26 37 28 50 41 9 32 74 26 34 75 3 18 29 57 67 53 19 25 25 43 24 74 10 45 63 56 4 43 42 21 40 26 12 18 54 32 15 43 26 70 39 42 27 55 7 65 58 75 38 22 67 44 23 47 41 2 54 70 26 63 66 36 8 12 49 55 20 76 15 65 8 76 69 22 50 14 6 34 19 70 29 53 
35 45 10 23 10 32 72 49 2 27 16 9 47 67 50 24 54 4 14 65 36 10 12 48 73 16 67 69 55 31 8 25 5 76 10 49 55 15 24 30 65 22 22 21 36 46 65 56 0 56 19 69 5 32 3 26 31 44 35 5 71 54 17 10 57 14 42 32 38 4 58 43 67 30 70 34 45 69 23 69 4 51 60 19 28 22 74 62 5 45 3 64 26 45 66 29 62 31 24 62 71 61 17 51 29 52 31 58 21 58 14 14 19 63 27 60 68 22 55 33 47 23 11 21 63 59 70 51 13 12 32 44 61 11 22 39 30 74 66 58 2 55 20 38 44 55 69 2 16 68 25 
3 68 4 36 31 5 13 50 5 34 68 51 46 42 58 22 55 41 12 12 27 20 62 31 44 75 67 74 37 16 53 12 40 13 11 22 38 38 4 27 33 38 64 27 70 13 25 57 35 0 39 48 42 50 69 57 39 71 50 60 50 8 59 69 7 72 29 29 40 27 24 47 42 31 32 63 31 67 30 64 21 60 61 9 59 59 70 26 43 59 4 9 75 64 24 3 40 73 66 62 44 13 7 69 40 25 71 72 23 41 10 32 4 41 49 68 26 73 8 4 20 43 63 3 7 30 18 6 8 20 23 66 55 42 12 12 24 3 44 66 32 58 23 48 55 12 26 5 30 6 20 
66 58 43 13 45 34 29 12 14 50 48 11 72 62 45 46 28 5 54 7 49 46 25 11 75 46 26 52 21 6 35 21 11 10 3 2 25 66 28 29 16 39 5 24 66 47 52 50 6 66 0 22 18 48 7 67 69 24 3 36 70 51 57 40 6 75 43 62 36 32 31 13 71 14 74 47 56 66 2 73 74 26 23 20 70 73 27 66 48 47 52 54 57 7 76 38 60 12 42 42 9 15 11 11 68 55 7 24 65 34 22 18 68 52 60 41 14 6 16 46 24 6 68 10 75 16 21 5 72 73 3 33 56 30 74 3 71 20 72 23 10 11 54 71 4 3 51 52 8 10 27 
52 23 61 71 9 7 15 56 48 16 70 9 33 17 6 4 41 63 35 24 22 31 54 52 65 7 10 55 54 49 12 25 72 59 72 31 12 11 55 69 14 70 70 15 22 48 51 58 40 27 45 0 40 20 55 49 74 21 22 22 9 71 35 59 18 25 36 45 22 70 50 2 49 53 44 27 23 61 65 21 75 22 36 64 34 46 53 22 8 65 31 74 75 56 61 8 14 34 65 48 72 60 38 52 10 70 54 59 6 10 25 75 70 41 21 45 21 41 51 45 45 51 65 3 36 63 16 63 6 75 4 18 47 65 40 62 75 41 17 17 33 51 42 35 45 59 35 27 70 67 30 
73 44 43 21 60 4 71 45 34 50 28 27 9 61 7 14 24 24 65 46 70 9 18 16 40 27 69 16 22 50 10 10 65 16 10 23 40 34 66 3 47 65 18 7 57 2 76 13 37 76 4 47 0 2 66 7 2 33 60 21 19 73 67 3 3 29 66 61 21 58 6 23 34 33 40 30 75 11 35 23 9 53 25 64 28 73 70 32 24 41 37 40 37 8 68 13 9 22 27 63 21 37 15 73 47 41 15 26 12 71 65 73 22 18 19 35 67 27 18 54 18 21 12 3 64 50 12 73 75 4 38 66 40 39 59 30 57 58 30 36 71 13 54 62 19 20 65 4 25 7 32 
2 56 58 10 76 53 61 65 62 4 72 13 17 58 56 35 55 23 63 11 15 19 21 49 54 13 38 21 64 13 13 42 62 27 5 15 2 65 3 2 27 53 3 58 74 20 59 4 12 47 47 17 8 0 47 45 63 9 2 38 15 7 67 53 68 7 57 47 39 27 35 68 28 59 24 76 23 44 51 43 12 60 14 42 64 41 27 16 2 36 64 74 69 71 75 21 5 10 3 38 62 39 65 6 68 38 35 44 47 45 65 46 68 42 10 67 64 35 21 73 11 56 4 32 20 46 58 42 8 34 22 17 8 29 40 37 9 10 27 26 64 58 49 32 69 60 49 49 35 65 35 
21 12 64 2 38 53 18 12 22 57 76 19 4 15 59 54 46 42 67 12 5 55 31 66 18 13 6 60 44 60 39 27 25 66 63 69 68 64 65 59 56 21 52 14 75 10 6 64 55 35 29 54 33 37 0 52 75 6 57 20 67 19 50 50 10 73 72 30 70 39 37 60 9 59 57 21 65 23 32 5 35 75 60 32 40 46 62 45 55 11 26 4 74 55 56 61 27 29 59 11 49 72 75 53 20 69 47 37 55 48 25 42 59 37 76 20 30 38 47 44 30 25 51 57 61 4 3 10 34 32 26 34 58 23 21 12 47 48 14 36 23 58 49 58 11 41 19 3 71 41 57 
46 49 21 64 2 70 10 3 69 29 67 59 28 18 35 2 57 74 45 17 57 72 11 48 64 41 59 66 65 29 28 55 48 74 69 62 37 67 48 6 51 43 50 34 45 40 59 66 21 71 46 31 51 24 49 0 9 48 29 36 9 42 48 52 44 16 76 29 35 67 54 17 76 42 58 32 73 68 25 37 33 70 12 19 68 16 57 41 18 33 58 13 41 20 74 2 21 53 64 43 72 54 26 69 69 41 56 64 13 63 39 46 19 53 17 20 26 47 38 7 50 62 42 29 27 15 76 67 36 54 45 22 9 28 66 63 4 11 33 14 9 57 5 18 33 28 41 6 28 32 21 
19 50 51 75 22 41 54 43 35 72 44 45 30 30 11 9 41 17 68 69 70 36 35 46 11 4 76 70 52 7 19 2 35 70 60 53 60 73 75 36 18 2 9 37 10 28 74 26 67 72 62 54 57 66 25 15 0 75 3 10 21 28 24 68 72 31 40 73 9 53 54 10 56 11 16 70 54 8 34 27 62 26 54 54 43 29 38 58 4 53 66 39 6 4 58 11 48 65 32 11 40 15 8 30 61 52 2 64 30 53 68 11 25 72 38 2 5 23 68 38 21 22 58 11 68 12 2 28 23 70 60 15 72 30 76 76 58 49 38 11 7 30 65 53 28 36 64 23 20 48 5 
40 43 26 38 14 19 57 10 67 44 48 4 41 23 17 69 31 14 56 38 76 17 40 76 65 17 37 16 73 49 28 39 7 14 22 43 21 51 15 56 5 25 47 60 2 3 33 73 60 22 11 19 56 56 76 57 43 0 47 35 57 17 58 21 9 66 44 25 53 75 74 24 14 10 32 60 34 18 40 47 21 46 73 17 8 23 30 8 20 72 70 37 55 57 10 61 67 25 50 18 18 13 50 73 3 32 21 39 43 15 17 3 14 60 69 54 42 23 42 8 35 13 60 3 18 21 47 69 27 69 59 73 23 74 4 8 15 49 26 59 64 46 67 22 72 63 27 44 27 10 33 
19 11 38 12 10 69 28 12 71 43 55 24 64 67 9 61 44 70 8 17 63 76 55 24 66 58 11 56 31 66 46 31 56 71 21 62 47 60 15 73 23 27 46 60 76 17 49 37 71 46 31 39 2 5 10 68 33 5 0 13 69 70 29 42 6 41 39 71 29 39 11 23 31 49 8 37 30 44 21 74 73 69 8 61 60 48 76 32 68 27 67 64 27 31 9 65 3 30 9 75 34 29 48 38 27 41 18 34 18 37 75 49 75 27 5 17 52 28 49 48 47 48 61 22 46 71 67 2 36 4 48 62 39 61 73 68 24 69 54 33 41 42 2 4 60 11 10 56 37 55 6 
72 7 33 26 41 11 13 5 64 20 62 67 75 59 13 57 23 19 14 71 37 25 32 12 24 64 74 22 41 6 57 61 7 32 2 63 72 55 64 38 70 64 34 39 16 67 31 64 33 54 56 73 15 36 48 37 58 43 21 0 8 19 23 63 70 30 2 27 65 54 65 7 6 49 16 55 30 23 16 62 31 45 19 46 74 23 26 2 35 62 22 3 20 5 55 32 62 62 36 38 31 22 32 64 23 55 72 49 20 70 9 29 29 13 27 69 49 20 48 17 56 3 11 29 28 39 30 27 31 71 42 43 37 35 63 40 31 17 16 15 36 47 70 43 49 41 11 39 36 30 10 
71 75 56 24 73 15 40 71 76 42 19 36 28 23 49 56 16 53 18 11 44 18 49 64 2 72 51 44 68 54 69 49 29 57 19 20 28 54 63 72 60 41 71 13 38 58 22 10 30 52 53 4 68 46 20 24 35 38 29 59 0 72 33 72 26 48 24 59 2 33 39 20 25 75 15 29 22 64 62 66 39 75 11 6 22 58 24 75 46 18 5 65 28 19 50 20 48 53 38 38 23 8 76 4 45 69 23 34 3 42 76 13 21 56 72 21 11 6 17 57 68 76 32 70 67 64 72 6 3 26 65 3 6 67 57 27 66 38 69 15 5 70 7 68 22 19 7 65 74 69 13 
49 69 49 75 6 76 69 60 6 53 35 5 71 54 20 24 43 61 42 25 49 64 72 53 43 63 17 67 45 61 22 24 16 76 72 3 35 42 21 57 25 15 58 23 4 24 27 56 32 71 18 37 14 69 5 33 44 31 44 14 3 0 31 40 60 41 24 49 4 41 21 65 68 23 38 69 42 61 29 25 8 19 61 29 26 32 44 75 49 23 50 19 18 57 26 43 66 59 46 60 8 37 60 64 44 55 12 50 13 16 72 18 48 21 58 60 36 52 24 11 44 37 43 37 41 20 50 21 57 4 26 46 32 76 34 44 29 48 54 72 30 69 62 55 8 66 61 35 56 46 35 
15 16 67 14 33 24 25 47 34 14 10 34 30 67 36 60 6 12 34 18 42 31 12 16 29 17 37 55 60 47 46 55 56 56 29 69 12 62 54 2 59 28 46 53 7 31 40 47 47 8 5 25 12 20 49 6 67 50 42 2 49 36 0 26 70 31 61 55 29 48 3 73 72 4 12 19 73 24 38 51 37 3 73 54 63 61 11 17 45 55 70 14 2 46 20 46 32 4 13 35 32 69 23 15 50 15 61 40 72 6 27 56 21 38 42 27 44 13 55 14 50 31 61 52 67 47 5 31 59 29 16 23 8 43 61 24 63 41 6 71 21 21 52 19 8 20 76 54 62 58 56 
27 19 48 34 32 10 13 75 23 51 25 67 62 7 57 21 32 5 67 12 9 23 24 68 20 64 62 23 76 25 63 31 50 30 57 17 44 71 26 69 28 31 3 59 67 30 63 15 39 49 16 16 12 43 37 26 9 59 56 54 13 29 59 0 7 42 40 25 25 70 76 61 19 18 23 9 12 45 26 15 68 7 17 6 38 7 39 43 44 76 39 45 51 39 5 40 27 32 58 19 20 2 44 10 51 17 42 22 9 40 65 17 40 50 26 71 34 6 50 15 47 45 52 4 63 69 5 37 46 32 5 55 62 13 30 35 49 64 9 9 3 12 48 5 76 51 6 30 29 52 20 
69 33 40 49 13 6 37 58 19 45 50 22 41 68 8 67 75 44 43 49 28 53 46 33 53 16 55 39 25 9 68 38 58 13 75 66 48 33 42 66 46 18 33 61 14 45 34 17 17 14 61 67 30 19 9 41 68 76 65 26 9 57 20 46 0 2 41 42 68 39 50 65 63 48 31 72 3 27 70 26 10 46 53 61 43 71 59 54 30 39 69 63 60 32 42 13 20 70 18 39 15 11 52 22 66 63 65 61 10 9 40 13 73 28 31 63 18 31 29 43 48 54 32 55 36 43 21 6 50 76 60 43 11 55 17 23 69 59 11 19 13 3 52 16 23 48 76 18 5 27 32 
34 68 55 10 22 71 8 59 68 22 33 39 54 29 4 41 60 22 13 23 42 54 35 34 12 61 73 6 56 38 75 16 27 67 2 26 51 52 68 36 28 67 30 9 59 75 36 48 62 36 38 50 31 62 5 23 64 37 32 67 63 20 12 76 53 0 59 56 62 24 19 6 49 28 50 59 20 3 24 27 55 49 38 44 34 22 73 44 26 42 24 54 68 14 76 70 22 19 24 33 55 17 51 63 49 21 56 72 48 37 52 9 34 76 2 10 11 33 4 52 10 22 53 25 74 6 8 69 28 69 49 55 74 48 14 72 45 55 51 37 4 34 44 72 36 29 42 66 62 72 6 
4 7 14 6 45 14 73 68 56 19 61 10 20 51 47 64 40 64 49 38 47 16 7 11 8 32 61 13 64 39 62 75 37 31 3 22 70 38 16 9 15 74 69 12 31 49 59 24 5 48 63 66 27 23 75 63 22 73 48 31 60 76 4 20 26 71 0 72 56 43 74 36 60 4 19 76 27 75 4 39 60 29 36 38 36 18 5 64 50 41 12 37 69 3 16 56 7 29 72 69 23 59 75 33 20 14 25 14 22 51 30 69 55 14 2 34 67 18 45 61 50 73 9 4 25 5 21 14 51 37 74 44 26 74 55 24 43 52 68 48 31 20 46 18 49 33 17 19 34 63 45 
34 54 6 69 40 5 22 67 52 13 38 32 71 7 45 13 4 16 16 14 73 8 24 64 38 42 41 18 71 61 26 65 64 66 51 48 36 36 71 42 9 22 36 61 15 67 20 26 43 48 71 31 49 25 73 28 26 32 50 29 67 23 51 5 43 55 19 0 76 33 34 64 41 54 3 21 41 19 65 23 11 31 72 19 47 64 62 15 60 35 48 65 55 12 25 13 50 21 46 14 7 41 51 68 53 52 60 17 73 76 3 44 74 9 43 5 34 19 23 8 66 29 56 14 24 32 7 68 41 23 2 4 41 55 34 3 58 58 6 3 14 69 12 40 10 49 45 40 3 56 19 
63 38 57 50 35 31 30 12 19 36 55 56 15 60 38 5 14 42 42 15 75 30 52 16 40 15 13 61 70 52 71 8 22 9 49 41 5 43 5 55 18 65 40 60 21 53 66 43 33 8 67 21 16 72 17 40 32 30 54 42 52 33 58 2 29 72 32 8 0 60 72 66 17 64 57 73 18 16 68 55 75 31 66 37 30 33 2 40 53 11 15 26 7 33 56 46 42 32 70 45 21 71 67 61 26 32 31 72 43 27 76 3 70 12 51 62 36 14 4 75 72 40 9 55 15 45 71 8 5 58 13 11 23 51 42 32 67 33 41 28 48 15 69 17 42 75 57 31 43 76 59 
74 68 44 41 40 60 43 75 13 48 37 72 69 2 56 35 35 25 31 43 64 27 20 31 50 21 50 21 12 56 61 11 14 9 44 2 26 6 34 26 64 72 29 69 22 59 18 33 3 74 11 68 50 12 22 16 4 30 38 76 60 22 73 19 64 8 70 74 16 0 74 45 62 37 76 67 19 37 27 68 13 21 39 32 47 7 23 47 68 42 40 9 58 18 62 34 14 11 44 28 19 54 16 61 63 45 60 40 6 44 6 55 32 73 20 15 59 28 39 51 4 75 68 48 50 9 10 63 61 48 69 54 70 10 11 39 17 70 24 67 49 62 22 20 37 9 62 37 20 68 16 
25 40 73 63 12 56 16 13 21 38 11 24 57 24 20 60 69 14 26 70 17 55 66 38 51 43 39 69 14 75 11 71 56 20 18 12 17 73 69 28 25 21 75 38 44 72 7 73 75 14 60 13 3 52 75 23 16 2 75 25 7 32 4 41 37 34 65 58 73 69 0 23 45 3 29 21 11 27 61 8 58 62 44 25 67 76 55 38 21 37 43 47 35 11 18 36 46 39 35 33 4 33 9 76 44 63 6 21 5 31 70 28 52 11 37 22 20 70 56 37 33 43 24 65 47 38 65 59 15 41 62 23 73 64 25 69 22 63 43 49 73 50 60 14 34 3 57 11 7 18 65 
11 71 30 55 44 17 27 74 70 47 37 46 13 29 46 5 58 4 21 31 37 2 9 70 48 17 64 37 29 5 22 73 25 47 29 39 48 36 53 30 46 17 10 62 21 31 40 53 43 26 69 56 14 4 66 12 24 61 70 19 49 39 26 65 66 28 62 75 18 22 9 0 9 42 16 48 49 52 54 28 67 29 2 64 23 11 17 23 20 27 70 50 72 47 30 40 6 18 75 59 59 4 60 68 74 4 14 64 10 27 8 41 37 10 52 45 7 40 53 7 67 31 54 8 26 67 54 17 41 40 28 55 17 31 43 12 45 45 7 26 20 41 55 74 55 30 51 47 49 39 55 
28 19 13 9 24 57 16 23 63 24 18 40 23 16 2 23 34 53 12 6 33 43 61 70 54 59 53 39 50 32 30 6 8 32 18 30 69 45 58 36 39 45 53 15 30 39 38 65 18 15 18 19 59 62 11 40 4 27 38 38 30 51 50 54 26 67 17 76 47 67 10 76 0 38 22 55 25 66 51 59 33 76 45 6 54 69 63 12 51 57 45 32 29 9 71 53 69 73 63 37 14 33 40 24 20 75 70 69 45 40 6 62 55 28 6 3 50 49 26 24 57 22 63 72 36 68 64 46 20 27 11 62 15 20 64 16 72 16 52 30 36 47 16 11 49 50 13 35 7 22 73 
47 50 14 59 72 20 66 26 9 66 34 76 57 9 9 24 39 70 49 35 11 36 6 69 73 18 70 53 22 50 73 6 28 70 62 38 31 29 65 71 70 45 8 53 34 27 27 8 49 18 36 20 55 19 33 40 62 24 10 5 34 61 63 18 76 31 74 75 33 70 38 9 33 0 13 24 58 12 42 17 29 40 15 22 73 44 68 19 70 22 5 46 68 38 50 56 22 30 11 28 42 26 7 19 7 69 28 9 54 40 49 62 2 31 44 2 28 47 21 42 30 62 37 47 68 42 29 54 32 41 53 45 41 66 23 42 76 59 57 61 31 60 5 41 53 30 50 13 27 42 8 
43 51 61 75 22 26 7 48 17 72 72 47 41 47 63 16 27 73 72 53 33 73 25 63 69 5 56 28 4 13 69 50 11 43 38 22 28 65 51 12 18 16 61 53 26 43 46 17 9 30 56 73 11 36 36 76 34 6 18 52 33 22 67 26 46 71 25 62 11 76 13 48 54 5 0 23 16 13 51 57 31 11 73 45 63 30 65 34 8 32 45 63 52 34 32 72 73 30 28 27 38 25 5 55 6 39 75 41 68 76 11 26 45 70 55 76 74 30 33 9 12 73 2 29 37 27 22 42 13 15 5 62 34 44 24 42 31 73 25 8 12 67 24 58 49 34 62 40 7 62 65 
57 27 11 14 51 54 40 38 30 34 38 38 50 28 10 65 21 42 65 13 35 17 63 21 35 3 10 65 5 8 67 4 18 55 48 32 64 42 75 2 40 76 4 37 10 4 12 15 67 41 23 67 28 67 46 4 46 10 34 44 50 9 64 73 38 73 39 44 17 48 44 2 61 68 61 0 13 68 76 70 31 2 21 24 34 14 5 69 2 62 13 7 10 69 32 28 55 51 69 74 61 60 61 44 67 2 18 29 20 70 24 51 40 12 21 30 5 11 65 6 52 57 15 23 70 28 54 12 49 27 62 38 27 29 22 74 60 4 27 67 32 73 37 10 20 38 64 40 17 36 72 
71 57 15 61 69 31 8 30 73 5 63 23 12 60 11 40 13 26 15 44 34 68 65 31 58 29 15 71 40 56 32 53 36 65 12 62 26 47 16 37 10 21 35 20 42 55 53 39 55 20 36 17 26 43 54 51 70 76 55 47 33 5 19 30 16 15 42 51 17 20 57 2 42 45 3 49 0 45 74 55 23 9 11 32 56 20 63 41 25 64 65 15 50 67 56 48 76 2 22 11 34 36 49 58 74 38 73 33 13 55 44 8 12 45 26 66 40 5 27 51 73 7 7 61 68 14 50 27 34 29 2 14 51 31 68 39 21 72 71 73 64 55 11 46 12 59 66 44 55 71 67 
45 50 14 52 76 46 2 42 16 46 63 52 33 27 12 66 23 45 36 22 53 5 53 36 16 51 47 52 52 48 56 42 69 76 17 48 45 56 28 56 39 14 73 72 76 45 44 59 21 5 67 23 63 61 31 29 61 59 22 14 4 51 43 10 55 45 48 25 55 73 75 11 34 25 5 56 3 0 54 4 40 25 22 31 15 68 16 67 47 2 59 2 71 8 29 38 55 60 76 25 27 2 66 74 24 35 21 37 42 66 42 32 9 41 69 72 53 40 13 39 15 12 70 56 29 72 55 25 75 33 38 12 33 58 60 69 67 33 69 68 53 41 62 48 66 9 69 50 40 6 63 
14 69 16 76 75 26 38 15 15 6 50 30 36 21 74 9 27 70 17 36 43 49 58 27 73 27 27 60 21 14 15 66 67 74 42 48 72 43 13 46 57 62 26 61 43 51 31 63 30 35 76 50 49 43 45 10 34 8 57 72 60 49 29 74 11 5 34 48 50 25 42 28 25 8 59 8 21 6 0 16 28 59 40 43 75 44 15 56 65 60 3 71 35 12 24 13 58 71 7 72 75 19 14 38 40 57 15 75 57 55 67 26 43 21 2 7 33 20 56 32 43 28 8 20 36 76 54 22 63 22 19 20 10 2 16 42 44 68 12 39 42 53 67 26 67 49 70 69 34 21 55 
66 16 13 59 36 51 65 5 42 39 5 2 20 16 45 7 62 63 58 18 20 3 70 16 58 64 19 29 54 66 5 36 67 60 64 15 49 4 29 16 21 40 43 12 2 37 33 30 7 26 53 4 38 2 31 19 53 8 29 12 68 27 30 42 35 43 25 17 76 63 49 23 51 27 57 66 41 52 24 0 27 31 33 71 71 57 63 45 12 36 25 39 20 75 53 45 59 72 24 22 59 66 25 16 63 39 18 16 26 17 13 8 39 61 50 56 62 24 49 8 4 53 75 57 36 5 18 51 25 31 39 48 33 73 75 62 32 16 48 69 22 15 33 26 42 72 18 14 40 37 6 
31 12 7 60 13 16 47 51 60 50 67 22 14 5 26 35 29 49 19 34 16 73 74 39 57 31 76 55 20 4 66 75 15 30 45 75 76 5 33 55 20 55 64 35 47 70 69 48 27 33 28 2 46 32 30 65 58 30 6 55 15 43 20 45 38 51 56 64 32 66 35 13 32 38 14 74 75 59 56 10 0 71 5 65 40 58 33 40 24 43 15 51 61 75 53 43 50 26 69 50 11 18 37 55 15 9 60 44 70 2 48 48 14 69 58 75 58 71 69 36 68 53 67 33 33 61 13 53 21 31 74 29 19 5 13 61 12 11 41 9 43 51 10 48 60 38 63 52 36 74 26 
19 52 15 47 6 46 21 52 7 36 40 18 74 5 43 11 21 41 61 73 44 24 37 46 8 59 41 71 20 31 27 59 35 49 36 48 64 59 70 17 28 25 31 58 46 29 59 8 51 4 62 4 24 24 7 11 36 71 38 31 31 11 2 57 46 63 35 68 47 8 71 12 67 75 12 67 62 35 13 15 57 0 34 53 42 23 50 63 25 11 38 73 15 65 7 13 51 10 74 16 39 27 24 72 50 53 62 58 50 17 15 39 63 67 71 18 23 39 48 59 52 31 15 16 34 44 12 29 56 75 20 76 8 71 68 21 14 21 29 76 17 70 14 46 19 30 76 9 72 66 58 
50 32 2 35 59 33 18 45 45 66 20 14 57 2 53 73 48 47 35 72 9 56 17 47 34 37 45 68 33 42 17 4 76 60 62 30 3 21 28 51 12 35 6 65 54 29 67 62 5 73 13 13 8 26 7 54 46 57 48 70 31 73 33 22 40 12 44 72 9 11 21 32 66 18 8 55 2 23 51 65 17 48 0 76 27 75 18 23 56 21 65 68 13 66 24 5 41 41 22 7 5 55 50 76 48 31 3 20 31 10 56 63 19 16 10 72 48 72 42 2 25 51 66 31 9 59 37 4 24 50 15 20 32 3 14 12 23 20 36 47 30 72 7 2 14 71 31 22 3 72 14 
24 62 35 64 6 49 32 41 41 68 62 75 52 40 31 15 60 37 32 25 21 73 41 12 16 76 25 48 75 57 68 47 48 4 41 61 16 29 64 8 59 34 39 35 46 19 76 75 17 14 37 52 8 31 37 7 63 58 58 33 40 19 6 64 46 7 64 2 3 60 31 69 3 10 30 35 51 36 11 72 45 26 21 0 8 48 56 56 37 75 35 22 43 22 33 36 51 26 72 26 2 41 46 8 56 29 35 3 67 28 76 63 50 58 13 10 56 61 65 17 4 72 20 61 24 26 65 4 28 33 48 45 16 39 9 32 32 60 60 51 56 4 66 12 41 7 67 7 6 24 26 
38 63 16 23 62 70 11 20 9 56 29 65 69 14 8 57 9 53 74 66 71 48 45 31 5 41 30 20 21 8 42 29 73 11 69 17 5 46 63 37 15 3 65 70 39 11 9 55 54 33 59 10 31 57 23 39 2 62 65 19 58 28 55 57 30 46 57 49 25 31 76 65 49 18 39 16 27 7 18 58 58 29 12 36 0 30 44 71 50 70 5 64 23 55 27 71 14 5 55 31 32 35 65 61 58 67 52 9 44 14 72 20 36 63 56 66 28 24 39 13 50 25 54 7 55 72 2 67 37 29 58 42 72 33 19 40 18 61 7 3 26 73 65 53 30 33 64 23 24 23 64 
34 63 10 3 50 45 75 55 69 74 4 57 21 23 75 30 49 18 14 16 22 76 30 7 27 14 51 13 32 11 57 70 57 6 54 66 3 37 4 67 33 38 22 31 74 22 37 9 45 4 38 25 11 63 10 11 12 44 65 66 2 4 21 30 37 74 32 21 52 8 29 74 9 71 43 6 35 64 31 52 20 15 32 22 12 0 19 32 67 30 22 22 69 43 67 45 30 51 61 30 19 18 74 75 41 9 23 39 37 18 58 25 75 35 57 52 11 64 18 9 55 21 45 33 33 13 2 72 61 9 10 12 17 23 13 53 67 15 67 69 2 7 59 35 39 15 48 35 44 55 43 
14 73 20 65 72 48 71 39 34 34 63 2 76 8 27 55 49 58 42 67 44 75 21 51 26 41 4 72 48 3 43 58 40 33 64 26 23 53 14 29 75 13 4 70 60 6 70 41 3 42 25 46 23 52 37 34 3 2 7 17 36 20 21 68 39 63 53 55 51 68 23 26 52 50 2 21 75 71 9 10 38 33 32 4 60 6 0 46 23 69 16 56 68 14 59 51 56 62 72 65 30 50 40 57 24 72 31 63 11 40 16 32 49 51 56 21 17 36 6 70 38 51 16 59 41 58 7 5 47 64 27 5 19 72 9 67 70 71 47 65 15 16 8 24 55 64 32 23 22 25 11 
61 35 28 7 7 55 23 57 45 42 69 20 71 43 73 49 68 26 22 25 8 4 5 72 13 72 75 32 46 44 52 49 4 49 36 30 70 15 44 7 18 14 27 4 75 35 2 51 58 69 14 39 54 18 43 43 47 67 60 60 38 12 60 19 51 25 20 8 15 63 4 13 54 13 43 5 71 40 12 39 34 76 58 28 65 43 45 0 48 20 73 12 32 57 61 46 24 21 57 76 17 31 16 8 10 58 73 4 28 60 13 21 70 67 7 73 44 46 40 70 35 41 22 7 65 29 76 19 55 4 4 5 13 2 12 10 27 22 17 58 19 76 56 70 61 66 3 44 37 35 16 
24 62 70 72 68 61 38 66 10 19 66 44 8 63 22 13 10 61 9 73 44 45 44 13 58 41 69 33 38 68 37 9 53 61 8 10 61 10 74 47 33 47 8 35 40 55 69 57 30 9 7 35 7 42 46 62 71 68 69 9 26 15 8 73 26 22 9 67 56 4 61 46 9 11 70 50 66 70 10 31 6 35 11 31 56 25 45 44 0 42 28 50 62 31 42 25 39 52 55 75 72 29 57 34 5 19 32 39 51 54 23 32 50 21 34 17 61 72 76 5 51 50 68 71 63 24 45 76 22 27 69 7 51 70 65 39 58 51 48 60 11 55 73 55 12 18 55 13 2 29 15 
47 5 7 59 44 5 69 2 19 55 32 47 24 29 19 13 22 75 49 63 21 47 36 31 30 42 64 22 76 9 47 14 16 61 27 73 36 21 22 15 31 74 7 47 38 67 47 48 9 56 8 15 11 35 50 65 13 44 9 14 39 32 27 52 56 40 62 30 37 46 27 44 36 51 10 56 49 43 46 65 31 17 25 8 73 4 48 70 74 0 66 59 24 50 60 67 47 46 34 45 17 12 74 71 43 39 37 29 50 75 34 23 68 11 11 7 21 48 45 56 21 39 68 18 28 42 43 4 71 55 53 58 12 59 64 32 10 2 21 69 27 74 49 51 62 72 11 71 34 55 14 
32 34 56 29 21 44 3 21 64 74 41 10 21 40 56 45 10 75 51 70 30 63 62 3 2 42 34 7 42 8 10 76 38 2 38 40 32 70 22 73 43 31 29 34 39 18 20 20 6 38 11 30 18 35 19 76 69 34 46 56 74 34 16 64 48 48 72 9 43 75 39 43 5 32 51 13 51 24 18 28 46 68 36 59 11 73 7 46 4 3 0 40 29 22 19 12 23 73 18 58 49 74 29 37 32 72 49 71 74 71 10 42 15 38 63 35 75 34 39 20 62 73 30 45 40 42 53 53 54 50 41 24 49 57 49 9 33 62 60 22 3 40 6 40 36 27 42 11 28 49 71 
35 67 6 20 54 35 42 36 70 36 71 58 57 55 57 54 73 68 38 41 18 72 37 17 43 28 9 63 67 24 40 13 63 4 28 71 48 71 5 76 73 33 47 33 57 49 34 16 66 18 75 19 63 33 68 7 62 49 12 7 39 26 14 9 5 35 14 76 40 19 76 40 68 15 56 25 6 13 22 40 53 37 20 42 29 7 29 75 39 43 58 0 44 20 16 5 25 56 42 62 67 37 53 41 29 47 27 44 50 33 58 7 8 57 27 27 56 4 23 70 51 70 73 69 7 23 46 8 3 76 69 56 22 67 36 17 32 45 64 45 50 31 24 35 14 74 66 15 62 39 41 
35 26 2 14 66 72 58 30 28 41 38 6 41 44 70 25 12 35 9 49 8 61 52 42 58 21 24 5 75 72 59 10 14 23 4 66 56 23 43 23 3 48 46 63 24 56 61 40 7 41 42 47 66 65 6 66 24 15 36 46 40 13 48 23 74 67 36 57 51 12 73 74 44 58 57 5 56 10 36 6 40 73 31 52 48 9 18 31 2 41 46 28 0 51 66 42 50 63 35 42 13 60 51 3 8 7 17 61 20 8 34 39 8 53 50 30 73 47 21 69 12 22 58 12 60 61 4 11 42 25 68 47 53 27 18 60 31 5 19 12 18 51 42 32 21 48 34 12 65 4 20 
8 41 55 11 57 24 29 67 43 27 10 17 4 2 55 48 30 8 56 55 21 56 32 38 35 48 9 12 67 71 72 74 21 9 22 37 8 16 68 30 5 33 17 62 39 5 58 67 72 45 25 18 70 61 5 73 43 59 57 8 15 46 15 76 70 12 51 36 43 2 9 76 63 57 42 68 31 52 18 67 70 46 28 30 64 4 74 72 13 21 25 64 71 0 58 36 45 57 65 26 10 41 66 73 74 20 70 36 59 70 73 74 48 56 71 49 39 67 21 68 51 67 49 52 20 71 31 67 9 67 75 32 21 55 21 71 31 14 12 34 10 3 21 70 76 3 7 63 48 73 49 
37 65 75 57 74 41 34 44 66 20 62 69 22 39 25 26 57 76 3 50 21 11 10 27 48 8 66 25 15 7 34 52 25 52 31 53 69 45 21 4 23 24 36 47 40 25 60 10 38 24 7 57 7 52 42 44 76 14 8 33 65 9 64 70 24 36 2 62 74 13 8 17 25 46 15 63 64 70 66 33 14 51 74 8 44 13 70 24 14 71 6 30 39 4 0 14 58 32 37 72 36 51 64 49 50 23 58 6 46 8 9 72 2 20 27 7 40 50 11 67 6 42 45 42 8 46 70 23 20 10 28 59 57 48 45 51 39 30 33 26 26 65 15 70 34 11 32 73 68 54 11 
38 31 23 56 63 30 73 41 74 54 21 9 45 14 7 14 22 15 45 25 47 2 36 2 64 24 51 73 48 36 52 45 54 57 44 36 37 40 70 24 4 16 42 52 25 3 56 15 34 33 63 63 18 14 46 20 47 41 29 30 12 25 74 69 68 57 13 4 48 12 30 14 75 7 52 39 53 65 19 35 75 26 68 44 29 28 2 60 75 53 58 27 56 17 66 0 26 48 9 74 43 34 72 28 8 16 55 33 70 61 66 15 71 55 55 42 70 35 27 69 11 54 54 37 3 43 70 49 60 46 33 58 22 42 5 41 31 15 65 44 53 64 42 33 66 22 31 5 52 69 25 
28 5 47 3 68 52 62 4 4 2 75 54 62 75 19 60 3 64 69 43 11 37 2 54 36 31 5 65 50 8 2 42 70 17 8 7 12 51 21 12 17 9 37 6 20 19 69 35 2 51 17 20 27 25 35 25 58 31 22 33 4 8 60 39 21 75 58 18 11 47 4 16 27 55 17 16 66 45 61 51 63 44 22 71 7 11 63 67 4 60 32 22 72 40 13 22 0 48 25 68 12 68 22 35 74 17 69 73 22 34 18 45 75 9 4 47 8 22 8 30 58 42 9 47 35 10 72 20 43 52 30 36 64 40 64 58 66 15 10 46 68 74 18 74 64 10 65 23 4 57 58 
55 34 44 65 13 4 47 40 47 37 35 37 37 69 37 72 61 12 36 73 55 50 5 5 3 46 61 61 21 7 9 47 54 55 9 44 32 46 22 20 58 38 76 16 25 39 41 73 4 32 35 22 45 11 12 65 17 41 61 5 2 47 32 64 57 66 49 30 7 29 53 58 9 44 48 67 13 49 50 33 23 23 22 23 57 62 51 49 49 48 6 10 68 25 4 26 60 0 43 62 22 53 73 74 29 17 75 32 67 44 68 7 33 19 65 15 42 7 73 38 68 44 21 22 63 19 26 16 60 6 21 65 57 65 45 33 52 22 14 46 72 53 26 51 51 55 69 34 46 60 16 
54 10 36 41 11 63 59 59 19 15 60 73 19 39 39 29 40 34 22 24 47 31 60 46 8 66 33 40 8 51 54 47 73 63 20 64 11 71 22 70 76 33 12 6 10 57 28 49 20 38 27 39 35 67 21 52 76 25 33 71 49 65 73 41 23 22 40 44 70 65 52 43 43 20 45 36 9 14 25 2 29 47 31 40 67 20 37 75 48 64 8 37 59 68 38 43 45 13 0 15 37 51 65 55 35 21 41 56 14 32 23 18 64 43 9 44 6 59 15 53 37 42 51 61 18 12 43 64 15 65 13 14 67 10 74 15 62 58 17 74 58 44 53 69 34 54 48 40 62 64 19 
57 71 76 58 60 61 63 12 5 23 67 20 54 5 38 10 68 39 11 29 20 57 56 65 15 61 13 71 73 39 23 48 52 12 31 49 6 45 43 26 50 68 51 20 24 65 17 16 45 59 34 6 72 54 63 61 51 43 71 13 25 75 18 59 70 58 18 35 10 33 56 43 9 20 39 10 72 14 44 10 33 54 54 41 72 31 5 59 66 15 38 40 72 6 70 37 12 73 56 0 7 3 37 75 5 76 72 28 14 12 73 13 9 18 32 45 51 25 69 49 72 2 69 6 76 71 68 65 30 70 23 15 15 54 63 63 49 30 74 43 15 55 52 16 11 74 47 54 30 63 73 
74 3 24 70 59 11 19 29 60 8 16 6 43 11 28 21 71 35 21 34 70 36 3 68 5 31 42 35 53 8 75 29 44 55 72 26 45 31 29 62 21 56 34 45 28 65 55 36 14 14 54 28 67 48 63 69 22 58 42 5 53 7 64 39 33 35 57 11 48 61 37 27 9 16 26 13 68 73 30 54 32 63 50 73 16 28 56 16 48 28 36 18 11 42 42 37 47 20 13 46 0 4 32 48 57 73 67 8 34 59 64 42 32 74 2 53 12 49 57 46 27 23 12 50 36 61 38 49 25 71 70 69 75 55 44 13 71 74 53 76 34 43 21 62 12 29 15 43 6 64 38 
70 65 54 45 56 14 56 27 45 2 50 51 75 71 49 23 38 5 4 36 23 45 32 10 36 66 74 58 6 8 24 7 11 7 69 14 39 65 39 51 25 23 19 30 72 74 28 68 18 4 27 9 5 40 11 18 20 21 66 10 15 41 65 39 27 7 45 46 9 37 41 56 42 2 2 35 65 52 66 26 2 38 74 75 10 26 17 69 28 57 4 50 8 64 69 63 35 36 7 48 33 0 5 36 64 26 65 12 35 55 18 23 24 50 25 65 64 58 39 72 74 38 4 8 53 57 63 55 34 68 16 61 7 28 52 12 55 48 47 66 76 11 17 16 27 58 20 53 50 66 70 
40 21 3 15 60 25 20 33 53 16 73 35 71 15 12 7 66 8 19 47 42 68 75 66 74 26 26 26 44 64 73 61 51 13 10 8 38 44 61 6 39 17 30 49 61 67 62 62 62 49 11 37 16 62 14 12 60 23 52 12 62 56 30 37 12 10 2 62 54 33 3 19 29 25 5 53 56 9 4 59 31 25 46 51 44 60 31 11 21 9 22 45 29 45 54 24 14 42 19 57 17 2 0 63 37 44 56 67 45 40 6 45 70 59 36 23 62 19 47 49 45 63 58 17 15 12 12 51 15 70 12 22 13 70 59 41 22 31 74 2 47 41 26 28 48 33 46 43 4 46 73 
12 2 66 15 71 47 20 46 60 23 62 72 48 6 13 40 70 42 19 67 56 59 11 19 5 28 8 34 59 67 71 41 52 23 59 18 8 75 2 72 3 17 47 2 63 56 25 3 17 68 50 15 20 10 8 25 44 40 20 23 40 59 70 21 42 71 21 58 31 76 51 13 70 35 38 59 13 34 72 40 50 53 33 2 76 76 72 41 54 37 44 10 49 15 73 22 50 9 10 27 31 9 38 0 37 5 7 11 9 58 16 75 6 24 29 16 63 76 74 10 66 69 66 31 30 44 15 9 29 70 37 53 6 17 66 54 27 19 70 22 73 18 54 36 11 70 48 3 13 20 70 
27 12 70 58 4 11 59 25 55 73 47 50 4 48 48 10 57 66 68 23 14 38 14 35 33 56 2 6 5 66 39 2 68 34 57 63 66 67 6 45 47 51 13 60 60 52 57 9 50 68 32 71 25 35 13 46 64 68 71 47 67 21 19 53 5 76 67 15 37 73 61 36 41 16 17 8 16 43 72 33 74 22 63 47 9 41 39 37 39 12 11 23 49 29 64 6 22 13 56 7 60 39 65 18 0 26 13 32 28 54 4 44 30 22 40 48 30 38 45 22 71 13 64 3 39 15 75 67 31 4 60 58 15 44 41 73 72 14 13 4 53 43 41 34 50 75 18 41 45 75 28 
27 39 37 43 70 37 9 22 63 6 44 65 51 20 45 68 44 59 45 9 15 21 34 24 21 63 7 32 57 76 58 40 46 47 66 22 74 30 63 16 64 4 67 35 30 21 29 16 51 21 46 16 65 26 7 45 38 65 57 51 37 75 73 76 38 24 74 27 66 37 27 41 3 68 44 67 45 20 65 73 21 71 14 66 74 75 29 72 5 52 68 26 21 61 2 21 73 34 64 19 64 67 43 58 32 0 5 16 26 11 68 15 29 18 54 63 9 14 9 8 54 57 14 50 15 9 18 21 66 38 37 57 26 75 36 23 4 47 24 13 32 9 52 35 12 71 54 6 65 52 16 
56 25 28 11 61 68 53 65 59 34 10 65 21 2 8 47 28 10 29 54 13 52 17 47 65 75 70 24 16 53 64 58 70 55 39 9 63 53 23 55 12 35 69 27 38 46 13 34 62 4 7 46 65 23 16 3 7 53 30 39 14 41 68 18 63 49 17 75 62 2 40 17 51 51 36 15 9 58 44 54 53 74 74 58 44 16 32 73 38 35 18 12 41 16 38 12 7 64 14 56 23 40 12 12 5 71 0 25 7 13 66 2 36 51 47 61 35 6 24 38 57 71 4 19 55 73 30 7 60 48 56 62 68 63 67 35 30 76 5 27 44 59 64 33 18 69 76 59 53 65 50 
3 28 30 17 6 47 52 41 16 50 16 7 72 3 74 6 69 20 20 29 49 70 55 20 63 34 59 2 64 76 9 54 9 73 49 63 8 39 60 26 14 34 38 40 37 8 43 66 28 4 12 30 17 39 56 75 52 56 48 6 25 76 28 70 14 30 16 4 41 12 47 11 6 43 64 30 21 56 71 54 71 20 74 31 59 15 37 13 29 16 35 24 44 10 51 33 27 47 24 16 13 40 27 75 19 20 63 0 73 30 34 26 33 72 21 18 34 76 28 4 57 18 55 9 48 47 76 25 39 43 14 4 17 51 22 3 52 19 35 14 52 14 16 45 76 26 64 23 8 64 34 
57 26 43 36 26 47 57 13 60 40 48 65 48 36 5 32 14 48 44 24 59 15 10 52 23 33 50 67 16 3 44 67 32 28 66 61 24 57 56 41 9 63 66 14 13 74 44 76 50 34 30 56 27 35 18 73 31 23 55 54 72 63 25 21 50 70 28 47 71 62 59 25 3 14 76 28 57 37 51 17 8 55 5 56 54 49 31 44 25 27 70 32 49 72 47 51 54 37 14 23 55 19 28 75 66 55 57 8 0 69 70 55 75 35 48 11 53 64 27 15 56 42 62 72 10 22 68 73 12 49 56 6 58 59 7 19 69 40 55 69 58 38 75 38 37 24 54 2 15 28 51 
47 47 50 75 7 71 38 74 12 6 15 41 25 65 40 7 71 17 68 7 47 45 47 23 35 5 20 26 53 42 40 64 47 54 34 18 45 45 58 44 71 25 59 24 16 46 23 70 27 51 27 63 46 61 45 20 70 19 4 37 50 16 20 28 26 12 22 3 26 57 60 20 50 62 59 47 53 28 26 19 20 3 12 19 13 24 68 61 30 21 54 38 72 28 6 11 68 2 2 41 48 47 23 66 21 2 74 40 17 0 37 59 15 36 74 5 53 76 47 71 32 57 48 50 56 15 76 27 66 20 7 72 67 23 38 5 41 70 46 24 71 42 8 71 54 12 13 5 39 54 60 
47 52 13 50 28 5 11 51 10 70 12 51 47 12 61 75 54 7 19 27 67 47 60 74 4 18 3 59 61 11 36 56 36 12 68 40 2 64 8 29 43 64 52 44 38 26 17 36 59 12 31 8 63 13 61 74 12 39 46 40 17 49 29 62 55 48 19 60 63 74 49 20 7 75 43 30 12 23 29 11 15 69 35 31 9 64 5 29 20 24 27 72 47 67 59 46 43 8 59 71 48 25 56 49 71 46 72 66 46 52 0 45 31 51 40 40 24 31 53 45 68 4 44 25 24 54 7 33 10 58 52 44 63 5 12 28 32 61 40 74 42 69 42 59 55 46 50 56 68 27 69 
75 16 28 8 26 45 22 2 4 5 18 50 44 18 22 46 49 4 43 12 57 20 19 13 13 40 68 8 67 62 52 8 64 71 17 31 49 15 21 43 17 9 70 54 40 53 61 7 76 43 63 65 67 63 14 32 76 51 8 55 29 74 61 56 61 74 71 30 59 40 6 51 45 5 28 23 4 44 30 22 49 7 33 52 69 66 26 23 15 58 68 35 56 54 66 72 11 16 40 64 9 70 58 14 46 19 61 62 6 17 29 0 56 70 35 20 43 70 36 64 52 25 4 56 61 44 14 12 61 17 61 4 74 7 70 48 59 44 53 29 66 22 16 13 64 49 56 55 73 28 12 
30 23 38 10 21 70 28 75 10 16 74 52 7 58 19 20 73 48 28 58 57 4 58 72 12 34 70 31 76 52 34 56 25 56 39 37 50 72 40 58 62 20 17 24 53 65 31 25 74 22 25 10 11 67 41 13 18 23 76 67 70 8 47 18 14 47 5 19 25 5 6 50 60 68 17 29 64 47 41 42 17 37 30 68 70 19 61 43 25 29 75 71 42 74 62 9 25 27 8 12 31 71 18 6 19 49 12 74 9 64 34 49 0 21 71 47 74 76 5 30 69 54 48 52 31 58 51 76 66 47 48 41 26 13 6 17 65 36 7 41 24 30 16 38 34 61 65 62 48 21 64 
53 3 8 62 14 18 62 42 63 51 66 3 44 68 20 20 69 43 34 47 50 75 28 38 27 10 23 64 73 70 38 3 55 16 21 64 63 56 70 12 3 63 67 35 38 16 24 71 12 60 50 21 63 39 45 76 40 30 15 69 59 52 53 76 31 63 26 19 30 21 40 4 33 23 71 56 47 49 72 70 10 59 22 61 21 49 23 63 59 36 38 37 34 41 11 33 26 34 20 18 3 58 37 65 61 62 58 42 9 7 56 75 27 0 60 46 37 53 31 36 21 44 26 11 69 63 21 13 38 36 29 38 21 32 16 5 50 8 32 76 68 35 14 21 76 4 30 23 49 46 10 
60 59 6 47 39 41 67 17 73 13 11 59 51 65 48 57 13 34 43 57 30 67 65 21 53 4 31 12 43 40 21 22 65 60 30 16 35 44 23 63 62 57 22 10 40 20 26 74 22 30 5 69 75 31 42 22 16 71 51 8 52 71 38 17 32 48 74 8 48 56 56 68 57 3 52 56 9 65 44 29 61 49 59 26 59 69 61 10 73 21 62 53 26 73 15 33 45 30 74 39 54 38 37 4 5 51 32 23 41 4 68 74 68 12 0 50 24 76 14 61 36 69 48 45 69 6 21 64 29 33 67 36 37 30 11 75 14 12 42 42 15 34 68 55 61 33 69 28 11 70 14 
72 55 72 41 37 47 3 8 69 40 4 18 68 25 24 72 22 30 40 5 62 65 9 36 35 19 48 33 54 20 7 20 32 27 9 75 41 53 33 54 60 74 35 63 15 21 48 66 47 2 58 18 37 40 45 19 7 18 42 70 19 50 62 13 20 64 51 13 32 25 39 4 50 7 17 57 58 19 18 48 28 49 71 32 40 22 28 56 36 17 59 63 64 19 50 17 26 8 56 48 4 14 34 51 66 5 76 17 71 60 69 15 26 43 23 0 31 6 32 65 60 26 11 60 52 2 47 11 12 18 26 20 34 36 13 33 25 14 50 38 33 39 49 54 2 7 28 2 35 75 73 
61 56 24 36 59 54 53 76 63 49 43 46 68 44 64 19 39 26 51 70 66 8 58 19 44 2 33 35 48 27 71 49 55 4 5 31 8 68 35 73 73 20 65 31 6 73 12 14 48 25 71 65 58 28 54 34 75 32 40 67 14 25 49 73 35 64 33 12 2 32 9 47 3 72 14 6 47 6 54 41 17 26 40 35 14 63 27 24 55 37 49 4 22 45 3 23 25 11 16 8 25 22 20 41 20 63 72 16 46 18 25 21 70 41 12 11 0 11 28 24 6 67 67 62 61 23 40 61 19 41 42 12 33 33 75 44 21 8 66 13 48 38 69 48 51 27 59 52 27 40 76 
12 53 28 16 43 34 7 35 13 57 16 15 8 37 72 23 63 69 15 18 42 14 75 50 75 43 55 38 72 25 44 5 49 69 59 33 17 60 35 53 69 55 69 14 35 2 28 43 20 59 38 65 20 16 33 51 15 27 56 64 48 66 11 24 19 68 66 59 67 74 51 53 37 47 28 46 8 64 12 8 60 65 44 24 15 12 47 15 14 40 10 26 7 66 47 49 44 35 66 76 75 7 32 60 48 42 5 30 72 72 19 10 74 3 32 8 42 0 65 34 10 39 47 38 43 67 21 25 60 42 64 13 5 72 39 7 21 35 45 74 8 19 34 21 8 63 49 52 71 21 39 
42 35 54 25 26 49 22 9 46 17 55 18 7 34 41 4 66 27 6 64 64 34 65 27 71 68 48 52 4 67 71 53 12 19 55 48 72 31 17 27 41 72 5 41 44 31 3 60 15 75 63 65 27 29 42 30 7 48 33 22 31 3 51 11 45 48 5 2 65 19 6 45 13 72 76 51 46 36 28 46 9 71 24 48 76 11 19 36 53 44 36 38 7 61 48 40 18 10 49 32 47 69 66 51 52 71 54 15 65 72 40 46 40 32 21 70 21 62 0 34 45 21 52 50 51 63 9 26 44 65 67 51 2 16 28 16 65 14 42 40 19 57 55 6 30 53 8 30 5 53 56 
56 56 8 3 10 38 51 55 57 4 62 63 69 2 34 42 54 5 52 59 65 15 10 5 19 21 16 22 69 5 48 17 28 70 20 76 13 2 54 46 20 74 12 18 70 74 42 68 19 65 8 17 58 65 41 53 54 62 62 25 27 50 14 16 65 54 63 29 47 60 42 76 60 9 76 45 55 22 45 40 26 17 55 69 56 6 76 39 70 4 14 9 46 49 9 65 56 26 46 58 40 9 62 75 66 5 11 60 44 7 46 31 6 39 8 11 12 55 46 0 30 70 17 33 38 39 48 23 17 53 30 45 37 15 7 44 18 21 52 42 49 73 58 74 40 52 45 63 28 64 41 
42 46 41 5 61 13 23 21 64 40 13 45 17 15 76 59 51 15 46 13 35 4 28 56 54 24 32 3 50 36 16 24 43 12 42 4 38 20 60 75 76 25 31 36 50 47 68 15 14 37 69 6 17 70 11 27 36 6 2 16 34 5 9 41 35 52 76 50 56 37 15 73 61 20 52 34 16 2 58 5 3 12 27 45 59 16 35 59 68 52 14 47 26 10 61 12 23 37 72 51 37 69 41 17 8 5 42 43 73 36 36 7 64 16 3 50 7 5 57 15 0 2 36 22 18 14 45 20 44 51 68 26 37 55 38 4 5 54 75 35 46 38 24 21 71 22 31 72 58 25 9 
40 39 55 28 64 74 61 38 2 74 22 66 37 36 2 12 75 21 30 39 40 18 40 69 21 30 59 68 43 50 56 19 56 41 8 28 76 22 36 67 17 50 66 55 45 64 54 43 29 36 13 47 3 31 3 67 24 11 33 35 34 71 40 28 50 66 57 25 36 12 34 36 22 76 4 8 47 43 61 48 46 14 70 75 65 18 12 9 11 24 7 60 10 17 12 60 68 7 34 66 35 48 36 19 5 44 30 68 72 49 18 58 70 12 53 11 40 22 16 44 70 0 36 45 42 17 27 6 47 5 2 75 68 48 15 43 46 18 45 17 49 50 15 61 43 75 29 3 74 61 61 
12 33 68 34 25 39 5 29 23 34 27 55 45 65 68 29 59 62 63 38 2 36 56 8 65 50 68 8 54 18 56 28 41 9 6 30 56 6 71 2 61 21 72 33 28 10 24 30 71 27 39 15 39 22 24 75 19 75 39 31 76 49 18 13 20 9 40 67 30 30 58 56 19 31 35 57 54 38 48 33 67 31 17 48 3 18 18 26 30 57 25 72 23 45 25 16 25 72 40 53 43 12 13 56 53 28 73 11 16 4 38 14 27 60 62 51 25 47 14 36 66 11 0 50 38 67 19 49 30 31 62 69 48 4 50 76 55 12 64 10 48 22 34 70 22 41 71 8 21 54 26 
71 62 56 70 31 25 6 41 23 2 55 59 12 49 50 66 65 66 67 30 58 22 14 25 64 32 11 26 37 67 18 20 71 30 48 73 5 69 25 76 49 60 68 63 46 4 13 51 11 28 29 38 11 74 13 60 71 50 15 45 32 59 33 33 12 31 38 38 76 38 16 61 40 59 9 6 6 11 40 30 66 60 16 44 51 76 9 23 7 37 52 34 62 14 48 28 72 54 44 71 71 61 55 16 71 70 60 22 62 47 3 24 9 44 37 76 42 57 61 8 8 50 74 0 3 10 47 13 36 26 25 72 31 11 4 8 9 42 41 37 40 52 9 42 74 28 54 7 30 58 21 
20 45 36 5 3 61 34 18 23 45 5 2 28 4 57 24 4 44 8 54 7 73 40 56 36 75 67 34 40 55 19 29 22 34 6 9 6 2 56 38 35 19 34 40 48 51 27 66 35 61 57 61 67 19 8 40 28 53 39 31 58 50 54 39 18 35 32 68 38 52 37 35 47 32 68 30 68 16 49 55 42 8 52 10 7 17 72 46 27 28 59 48 16 27 65 17 26 13 22 35 35 70 44 72 4 35 21 23 66 57 27 26 33 40 21 32 20 66 35 26 35 43 43 9 0 40 2 7 27 32 53 11 29 46 28 71 19 13 15 44 63 64 49 41 52 74 51 52 17 66 41 
70 42 59 9 46 45 62 29 45 32 68 8 36 33 54 53 14 62 44 70 19 52 74 45 35 57 10 35 15 71 64 41 28 4 42 54 74 14 74 11 16 76 11 75 44 25 7 71 67 46 47 46 10 34 7 14 28 48 13 24 69 53 69 54 10 13 75 19 75 26 53 76 45 26 12 60 36 54 21 36 72 18 72 12 18 63 18 12 37 17 54 63 71 12 42 52 64 43 52 69 69 10 4 6 7 27 19 3 21 65 73 28 28 27 67 32 71 31 9 51 10 39 68 9 53 0 39 54 43 28 36 9 47 44 34 40 31 10 5 29 32 42 15 30 31 6 58 64 21 2 16 
41 46 5 2 58 75 69 3 5 71 31 36 72 72 4 23 33 47 70 14 67 11 43 29 42 56 55 15 62 33 32 20 59 31 29 43 43 69 19 32 18 40 18 64 5 2 70 63 65 35 48 51 43 7 69 30 57 10 69 4 2 56 44 35 73 71 13 13 4 3 65 26 67 2 74 19 43 47 28 25 42 59 14 49 39 35 40 29 39 27 14 76 3 29 42 21 33 32 72 23 42 65 64 62 15 34 60 30 67 41 6 75 39 30 5 55 58 10 29 13 34 60 9 51 30 65 0 74 24 38 50 70 49 14 53 52 11 31 72 61 25 39 62 46 48 68 63 56 49 49 15 
9 7 28 30 48 73 19 18 40 42 57 20 68 72 49 47 12 49 15 18 3 4 21 64 73 20 61 67 59 49 34 6 61 46 6 54 50 26 47 5 62 47 55 61 14 34 40 24 59 58 55 18 45 29 60 22 25 61 50 32 33 19 14 42 38 10 50 51 8 54 3 25 15 70 51 52 2 57 18 53 45 17 34 16 19 45 31 18 68 16 68 51 30 12 8 19 35 7 54 47 58 5 45 26 54 54 28 7 75 8 16 20 14 67 35 72 11 18 16 39 66 33 22 34 26 68 31 0 59 73 57 61 61 19 33 32 10 23 31 52 53 56 12 60 59 76 61 47 5 67 15 
68 49 5 51 60 55 61 66 36 45 30 14 25 74 69 45 39 53 12 45 2 10 36 66 36 11 11 16 28 7 70 14 48 49 45 29 42 46 37 36 55 18 67 54 67 75 62 66 42 53 23 69 26 7 36 19 39 61 62 18 38 21 5 27 51 6 53 31 64 58 25 17 52 64 64 59 24 20 38 27 42 59 76 42 34 44 70 70 10 15 73 17 43 16 20 17 74 68 16 18 16 20 70 27 10 48 66 51 64 29 3 4 13 11 16 62 73 36 56 32 57 59 70 39 50 13 7 45 0 44 52 75 41 62 68 70 61 47 48 5 15 35 39 39 70 35 4 8 61 74 29 
69 76 75 60 34 23 8 54 9 47 76 10 38 51 4 18 62 27 20 39 54 72 51 67 69 33 68 64 54 39 70 18 45 32 42 69 69 30 76 23 9 65 54 26 52 12 38 65 15 74 40 15 69 3 10 60 15 54 60 44 19 64 35 49 71 26 48 27 19 29 68 61 26 41 32 75 10 30 48 60 18 49 61 5 68 18 45 18 24 8 50 20 74 60 23 14 63 4 3 70 18 63 52 58 30 31 26 69 8 60 31 19 38 22 44 15 56 15 13 53 53 11 50 9 36 4 62 52 23 0 60 48 29 53 66 11 71 39 52 25 49 64 74 24 9 23 4 25 6 9 46 
57 21 21 10 4 46 29 75 6 34 68 4 40 39 35 55 30 3 64 3 5 71 59 50 17 45 27 54 26 29 52 24 69 69 12 71 46 72 24 71 26 36 60 28 30 10 24 31 11 14 45 13 40 60 74 15 41 17 51 50 54 4 9 23 63 38 20 47 58 47 32 8 41 46 22 35 11 17 16 14 32 26 27 65 33 4 19 31 46 25 42 7 32 54 76 48 76 25 6 76 22 64 51 17 31 49 43 43 42 37 44 45 71 21 34 24 48 14 34 73 3 13 34 44 13 67 8 43 64 17 0 66 16 7 39 51 26 11 24 33 22 53 14 15 18 46 62 55 45 10 26 
58 34 53 57 27 7 51 59 63 18 34 35 37 5 70 51 21 62 19 25 24 24 50 6 22 48 38 2 53 75 66 46 9 36 67 20 24 8 18 34 14 65 43 15 51 47 13 64 42 34 17 44 75 29 62 4 54 74 65 5 12 58 8 22 74 41 52 45 8 53 48 38 4 18 55 27 27 38 25 38 16 13 72 14 53 21 29 13 55 28 16 30 69 41 57 17 17 49 64 65 29 14 51 13 3 42 30 13 76 67 72 60 52 43 8 59 60 25 20 50 9 14 60 74 5 60 14 71 76 60 47 0 42 54 71 12 34 4 52 27 61 59 24 66 30 63 24 75 44 12 46 
28 34 72 5 23 7 39 29 50 52 9 35 65 28 6 65 5 7 58 55 7 71 56 26 53 49 61 63 67 5 52 10 66 73 9 61 72 39 48 16 3 30 58 19 11 12 4 46 2 60 7 47 75 22 68 7 71 71 68 5 46 31 22 37 45 25 54 20 36 53 66 3 45 40 66 30 73 42 28 37 74 60 25 64 30 33 62 64 10 11 60 27 55 13 7 63 65 43 67 47 35 26 24 53 22 38 30 21 38 29 34 50 75 13 35 65 65 73 38 64 63 61 19 52 35 19 19 35 32 35 46 2 0 30 11 47 59 65 55 30 8 33 42 37 20 16 3 10 12 8 20 
35 27 34 6 11 54 25 17 65 64 23 71 17 70 58 48 25 64 56 41 6 74 71 28 56 61 4 71 75 4 44 23 10 63 28 33 46 19 11 41 71 17 22 67 55 27 16 38 54 33 32 28 3 67 24 29 73 15 54 18 9 45 7 32 62 40 75 18 24 47 47 69 34 7 35 9 5 23 25 70 60 46 76 33 51 26 74 31 39 20 7 19 50 67 68 63 75 75 37 43 41 33 48 6 21 66 40 57 13 40 69 20 58 8 44 61 76 11 25 61 30 21 8 25 25 20 40 16 73 19 39 23 50 0 43 33 60 27 6 6 57 73 24 4 74 26 33 28 57 47 18 
2 60 67 25 59 64 5 29 59 10 52 23 76 3 22 3 12 37 40 68 64 58 18 6 69 60 69 47 51 69 3 3 16 68 22 67 56 54 13 76 49 3 28 43 16 34 74 6 7 62 68 45 15 2 44 45 26 55 5 3 46 40 71 69 75 58 11 49 20 26 24 12 17 58 27 68 56 46 62 58 58 23 65 38 32 25 2 74 33 71 63 3 69 58 24 15 16 29 42 17 29 55 24 6 28 63 43 73 37 51 51 65 61 62 42 54 15 62 70 22 17 4 5 65 43 72 60 40 76 32 26 71 26 24 0 73 37 29 44 41 30 41 56 23 8 64 12 66 66 24 50 
2 35 66 55 13 24 47 70 49 11 17 51 37 2 17 72 63 10 19 62 8 32 44 61 28 45 39 71 61 29 4 71 37 51 67 3 68 31 33 18 33 64 29 64 48 40 63 49 57 35 33 41 18 11 2 47 3 72 45 25 46 24 27 16 50 3 46 73 40 24 39 36 24 39 29 57 49 59 4 47 33 39 47 48 51 2 42 74 53 71 10 61 37 71 71 61 12 28 75 60 72 29 2 45 49 31 6 56 51 25 32 21 54 38 9 37 53 63 18 56 57 64 12 14 12 53 74 73 37 35 24 49 30 29 23 0 69 11 8 74 45 27 29 59 73 30 45 38 18 46 8 
33 28 70 33 34 8 18 76 66 3 27 4 21 70 15 26 38 56 28 36 29 26 10 64 49 37 43 70 13 48 45 71 36 3 55 70 38 53 57 76 64 7 76 32 64 37 50 61 59 48 73 55 44 42 21 76 40 2 73 25 14 48 59 68 13 38 64 61 46 37 29 50 66 12 59 17 76 18 32 41 26 26 76 53 47 52 14 10 13 34 2 7 36 43 40 14 54 69 61 36 5 5 30 73 18 17 35 52 46 20 53 2 62 22 66 42 64 51 34 66 21 36 32 75 12 25 21 16 8 38 64 41 5 48 68 20 0 66 73 39 60 11 34 67 25 20 13 33 8 26 72 
23 40 35 22 53 57 38 5 12 59 75 50 59 47 35 7 14 25 23 56 37 61 34 25 29 73 72 66 12 69 36 10 38 35 14 50 63 62 57 16 21 28 35 73 61 59 3 69 11 14 50 48 5 35 69 60 52 37 38 28 49 63 6 35 70 62 48 21 12 33 44 14 20 22 17 68 36 18 43 66 35 34 63 73 62 26 38 54 3 14 21 58 46 41 54 6 56 11 57 36 64 29 22 7 49 60 26 68 49 62 70 13 37 69 39 8 22 45 58 50 71 47 69 45 69 54 67 11 7 55 34 16 11 42 15 50 55 0 14 59 45 7 59 76 71 27 63 45 8 16 61 
7 73 74 23 57 22 27 28 62 25 55 5 59 41 48 47 72 55 55 76 68 51 66 3 27 59 33 73 45 15 44 47 76 59 33 39 41 39 65 43 4 7 40 23 21 65 5 70 11 67 25 68 30 42 70 25 31 5 69 65 63 27 56 2 42 24 50 69 21 22 22 64 69 40 45 63 70 52 69 54 30 15 23 40 43 9 38 75 38 3 34 49 45 61 27 40 57 48 9 48 29 37 65 4 68 15 38 62 30 49 12 53 26 63 42 59 54 22 73 45 46 5 24 31 35 18 51 26 23 75 32 22 47 32 61 9 34 28 0 41 63 20 65 46 61 58 26 15 4 67 46 
12 68 13 68 13 14 9 13 49 13 43 4 62 22 15 20 31 54 20 11 57 55 12 30 31 70 32 70 68 5 28 10 63 62 72 54 41 69 75 73 61 32 13 22 17 47 76 2 20 51 2 16 40 39 2 55 44 64 47 54 60 68 55 50 24 31 50 34 5 17 74 41 51 27 39 63 41 26 37 44 11 59 12 35 52 67 4 39 21 73 41 16 11 67 49 58 67 24 51 51 15 40 58 52 21 73 35 76 54 52 70 20 69 45 20 26 54 28 5 55 71 19 27 31 17 49 52 3 44 71 21 10 54 17 18 56 64 10 11 0 66 71 9 64 70 72 9 60 3 17 12 
61 19 37 55 15 57 36 8 46 35 29 39 67 66 7 12 28 7 21 76 40 21 41 48 31 68 6 24 42 64 28 74 3 30 63 76 42 38 64 8 74 53 76 37 33 68 59 30 41 34 27 44 23 42 70 72 68 37 58 60 47 32 34 35 22 54 65 37 52 5 52 18 66 46 29 9 9 23 40 44 21 48 52 16 44 38 72 50 74 47 67 44 72 31 67 60 68 73 70 76 33 34 59 42 33 4 71 14 74 59 50 50 68 25 56 46 35 28 74 11 68 48 13 41 44 73 59 19 7 19 69 55 12 60 72 58 17 74 41 71 0 60 17 18 38 31 54 23 54 50 65 
17 58 52 66 53 69 13 8 71 18 49 21 25 70 46 32 32 20 7 71 45 52 49 57 53 72 36 39 62 29 25 42 59 22 67 12 71 14 49 43 21 45 35 31 11 22 35 54 25 30 45 10 49 46 15 44 25 5 65 14 14 15 48 33 58 5 27 16 14 74 40 45 54 30 46 40 43 33 40 38 16 61 61 69 41 51 33 38 75 22 21 73 14 3 68 5 44 55 43 37 76 33 7 69 46 15 73 36 55 43 20 35 8 5 40 22 17 40 46 48 59 15 38 69 42 8 20 41 67 14 28 65 27 64 10 35 59 4 45 74 18 0 16 35 40 34 70 37 32 28 75 
71 57 55 23 29 71 37 19 42 45 22 47 64 24 54 54 18 75 26 67 5 28 3 68 19 5 22 43 52 76 27 18 57 64 49 31 36 62 41 8 5 40 47 17 6 12 70 72 39 45 8 63 76 11 4 67 71 66 57 63 71 54 28 74 73 48 28 73 33 35 64 16 33 53 32 35 27 30 27 61 52 11 33 44 28 34 11 62 30 18 51 68 67 52 12 2 34 24 72 20 34 44 59 68 9 19 64 21 72 28 34 35 50 9 35 18 4 26 13 42 21 33 7 19 8 34 63 64 44 25 26 73 9 4 10 63 43 9 40 58 55 47 0 63 31 58 37 12 3 58 23 
39 28 44 57 22 25 73 13 43 39 48 66 73 49 32 5 60 71 26 44 71 52 74 7 31 71 5 47 62 24 37 65 7 26 16 27 7 31 34 72 44 50 56 32 75 50 22 19 60 67 34 65 48 2 32 49 67 29 7 74 75 13 27 25 51 54 68 13 38 58 75 39 45 34 26 66 49 28 48 8 34 72 76 61 14 61 28 33 27 9 70 9 47 34 12 18 74 7 3 11 13 27 29 23 38 68 19 49 29 16 41 31 3 21 27 33 27 43 40 69 12 2 18 15 61 34 44 66 56 49 14 10 24 13 26 11 62 45 71 46 11 15 56 0 37 18 42 2 38 24 46 
10 38 31 9 60 39 6 19 8 75 29 41 68 37 39 52 56 5 55 64 12 20 60 27 41 36 38 14 52 30 55 30 23 35 9 26 10 16 63 45 20 12 27 26 14 42 49 20 62 51 22 41 54 67 42 73 51 7 25 22 59 39 63 36 29 58 5 72 71 56 9 39 57 60 17 22 16 25 67 51 12 31 26 13 57 15 46 66 61 31 25 45 46 29 22 44 73 67 52 20 8 66 61 42 38 3 15 19 54 59 38 71 5 73 17 13 51 75 30 44 59 11 8 40 8 57 15 51 43 75 33 10 11 30 48 54 20 40 65 65 46 38 6 32 0 52 60 33 63 68 22 
46 61 32 68 22 6 74 12 53 25 13 25 75 27 39 10 50 13 62 56 56 23 29 15 74 37 65 31 7 44 50 14 10 8 70 34 22 4 57 21 34 45 12 48 25 17 40 68 62 74 67 2 11 36 50 68 59 12 45 25 24 70 4 68 16 12 60 11 32 8 8 74 14 39 31 76 36 2 40 16 29 13 5 45 19 51 58 64 54 28 48 74 26 21 52 72 24 31 29 69 36 38 52 53 76 47 23 62 11 48 15 33 7 75 5 6 58 22 59 8 2 35 50 6 41 68 62 48 45 9 47 8 25 2 44 8 55 34 49 2 73 2 67 18 64 0 13 3 22 50 29 
5 14 32 13 58 65 20 53 35 33 20 4 52 7 32 20 69 39 20 24 14 42 53 4 56 53 10 52 21 14 54 27 11 22 68 31 66 51 72 40 45 2 7 20 10 31 37 64 71 62 5 73 21 63 52 26 39 33 39 58 26 72 61 46 44 18 65 29 44 42 53 32 31 2 33 44 66 15 38 50 69 56 10 17 5 32 62 28 43 12 6 19 37 22 73 53 73 53 30 5 27 3 2 29 22 8 46 75 4 9 51 23 42 71 14 18 37 46 27 31 9 5 14 8 21 69 2 23 69 13 4 24 37 40 73 50 50 61 56 39 41 30 67 74 75 28 0 23 6 54 51 
38 36 8 42 64 15 72 70 70 37 71 25 53 75 21 39 35 10 29 65 75 38 51 45 36 9 9 61 67 36 54 27 72 44 16 31 33 34 4 66 53 55 24 4 47 36 58 39 48 33 37 45 4 62 36 14 28 7 60 70 6 21 51 5 48 24 42 46 61 35 74 54 57 70 25 46 39 22 69 30 48 11 51 21 8 57 74 63 42 71 32 57 33 76 48 64 7 66 67 48 58 42 39 11 36 26 52 54 50 73 74 74 19 16 32 56 3 70 71 75 73 24 50 46 7 9 17 29 33 53 37 75 28 8 31 65 74 7 53 53 33 55 38 16 43 14 12 0 65 43 21 
56 40 40 17 15 45 34 47 17 36 56 37 55 16 20 11 18 12 68 54 64 14 23 36 66 7 19 13 14 23 31 44 15 33 13 42 21 37 29 62 61 10 53 24 14 15 61 7 42 46 73 14 73 28 6 15 16 18 31 43 10 3 14 38 35 44 65 50 17 76 44 56 17 18 61 25 69 62 42 23 55 59 7 24 25 44 32 56 49 18 64 23 43 10 75 3 65 24 40 61 37 13 44 65 24 5 51 65 63 68 8 27 38 67 76 30 68 6 65 47 71 70 44 61 5 12 31 69 68 59 73 20 19 9 48 51 28 35 54 55 54 11 47 40 25 66 72 23 0 75 35 
43 18 46 17 28 32 3 40 3 10 29 55 27 8 60 42 10 23 39 43 67 3 12 5 66 63 44 53 24 41 55 55 39 14 63 8 36 27 31 54 30 31 51 33 7 5 13 59 40 36 47 54 54 48 7 60 42 66 42 16 17 32 41 29 34 60 29 71 21 66 37 2 20 69 63 19 29 44 60 69 70 67 42 60 22 30 36 67 46 19 63 68 47 42 52 5 34 14 25 74 48 9 6 19 61 71 25 60 42 51 61 32 55 69 53 54 5 74 45 9 26 69 44 10 22 59 75 46 55 70 13 50 16 26 3 7 48 15 65 76 68 32 33 42 12 12 39 45 23 0 30 
63 13 46 65 59 31 18 30 29 37 58 11 26 18 48 37 39 69 45 70 56 8 73 9 53 56 70 38 70 45 71 33 30 11 53 70 12 70 38 42 71 14 53 46 64 62 58 35 63 41 59 69 3 62 4 18 6 8 19 68 38 62 73 71 45 75 11 16 28 35 19 49 21 74 8 42 67 64 75 30 14 59 27 9 25 45 16 7 12 62 43 22 50 50 59 11 18 29 32 19 76 53 71 3 41 46 52 64 56 76 50 10 21 76 39 70 72 57 74 19 31 26 68 36 74 67 18 34 39 75 75 27 66 43 36 46 70 42 50 30 76 5 39 26 60 22 11 25 76 69 0